import numpy as np

def gamma_kvadrat():
    gamma = np.array([[0.9999999999999999, 0.8152991144997183, 0.49919699807571827,
  0.16976282482633245, 0.014041620666779513, 0.00003607900828710748, 0., 0.,
  0., 0., 0., 0., 0., 0., 0., 0.8152991144997184, 0.5828551477066986,
  0.3144094924632132, 0.09436840822355495, 0.007307744033469073,
  0.00001962723921642794, 0., 0., 0., 0., 0., 0., 0., 0., 0.,
  0.4991969980757183, 0.31440949246321315, 0.15092532430781566,
  0.04033313869113434, 0.002892019678727322, 7.74733071460796e-6, 0., 0.,
  0., 0., 0., 0., 0., 0., 0., 0.16976282482633248, 0.09436840822355498,
  0.04033313869113435, 0.00959325458845239, 0.0006323597974219131,
  1.6674273730990135e-6, 0., 0., 0., 0., 0., 0., 0., 0., 0.,
  0.014041620666779506, 0.007307744033469073, 0.0028920196787273205,
  0.0006323597974219133, 0.00003908650785913216, 1.0281729671275581e-7, 0.,
  0., 0., 0., 0., 0., 0., 0., 0., 0.000036079008287107476,
  0.00001962723921642794, 7.74733071460796e-6, 1.667427373099014e-6,
  1.028172967127558e-7, 2.936815821062737e-10, 0., 0., 0., 0., 0., 0., 0.,
  0., 0., 0., 0., 0., 0., 0., 0., 0., 0., 0., 0., 0., 0., 0., 0., 0., 0., 0.,
  0., 0., 0., 0., 0., 0., 0., 0., 0., 0., 0., 0., 0., 0., 0., 0., 0., 0., 0.,
  0., 0., 0., 0., 0., 0., 0., 0., 0., 0., 0., 0., 0., 0., 0., 0., 0., 0., 0.,
  0., 0., 0., 0., 0., 0., 0., 0., 0., 0., 0., 0., 0., 0., 0., 0., 0., 0., 0.,
  0., 0., 0., 0., 0., 0., 0., 0., 0., 0., 0., 0., 0., 0., 0., 0., 0., 0., 0.,
  0., 0., 0., 0., 0., 0., 0., 0., 0., 0., 0., 0., 0., 0., 0., 0., 0., 0., 0.,
  0., 0., 0., 0., 0., 0., 0., 0., 0., 0., 0., 0., 0., 0., 0., 0., 0., 0., 0.,
  0., 0., 0., 0.], [0.8152991144997183, 1.0000000000000002,
  0.8548941344978565, 0.4375495663383449, 0.07243724600483513,
  0.0016721160572698598, 1.0097111086425189e-6, 0., 0., 0., 0., 0., 0., 0.,
  0., 0.6990202202063819, 0.7769411267965282, 0.5974099977539058,
  0.27485640376572146, 0.043281782911982335, 0.0010187823999036362,
  6.346995994542432e-7, 0., 0., 0., 0., 0., 0., 0., 0., 0.4400687790477278,
  0.4386785265064307, 0.3034321864846695, 0.1254563912123561,
  0.01843299152828834, 0.0004271246714081676, 2.673681892930469e-7, 0., 0.,
  0., 0., 0., 0., 0., 0., 0.15357252456872147, 0.1373536636272504,
  0.08541946011900688, 0.03169207631448348, 0.004308886653379073,
  0.00009712534769907948, 6.062617080019864e-8, 0., 0., 0., 0., 0., 0., 0.,
  0., 0.013142527338717836, 0.011243194794167945, 0.006554791634535904,
  0.00225855015048515, 0.00029022562733967047, 6.428677044957458e-6,
  4.025631409925304e-9, 0., 0., 0., 0., 0., 0., 0., 0.,
  0.000036862779289201475, 0.000034831684076731065, 0.000020878468347831247,
  7.253402551404001e-6, 9.46442302158707e-7, 2.1951209307259517e-8,
  1.4474053924975848e-11, 0., 0., 0., 0., 0., 0., 0., 0., 0., 0., 0., 0.,
  0., 0., 0., 0., 0., 0., 0., 0., 0., 0., 0., 0., 0., 0., 0., 0., 0., 0., 0.,
  0., 0., 0., 0., 0., 0., 0., 0., 0., 0., 0., 0., 0., 0., 0., 0., 0., 0., 0.,
  0., 0., 0., 0., 0., 0., 0., 0., 0., 0., 0., 0., 0., 0., 0., 0., 0., 0., 0.,
  0., 0., 0., 0., 0., 0., 0., 0., 0., 0., 0., 0., 0., 0., 0., 0., 0., 0., 0.,
  0., 0., 0., 0., 0., 0., 0., 0., 0., 0., 0., 0., 0., 0., 0., 0., 0., 0., 0.,
  0., 0., 0., 0., 0., 0., 0., 0., 0., 0., 0., 0., 0., 0., 0., 0., 0., 0., 0.,
  0., 0., 0., 0., 0., 0., 0., 0., 0., 0., 0., 0., 0., 0., 0., 0., 0.],
 [0.49919699807571827, 0.8548941344978565, 0.9999999999999996,
  0.7709884988347534, 0.24727301823231249, 0.02105838573223786,
  0.00030911137157437635, 1.6037979829797612e-7, 0., 0., 0., 0., 0., 0., 0.,
  0.4400687790477278, 0.6972175221645064, 0.7428039347931495,
  0.5188085475397359, 0.15806242245886415, 0.013436973700648405,
  0.0001989991556828424, 1.0430383028520144e-7, 0., 0., 0., 0., 0., 0., 0.,
  0.28124432954843925, 0.4039786326932111, 0.38959403916340246,
  0.24543165832068045, 0.06970524934777227, 0.005771722729388877,
  0.00008489300882789946, 4.458634320509136e-8, 0., 0., 0., 0., 0., 0., 0.,
  0.0995097417337389, 0.12950111492122515, 0.11290373986193962,
  0.06402276853503919, 0.016810992240634984, 0.0013415553253670882,
  0.000019471561685161145, 1.022338963656375e-8, 0., 0., 0., 0., 0., 0., 0.,
  0.008669688924164573, 0.010926110787400824, 0.008990385023807874,
  0.004751955797574433, 0.0011778171391715617, 0.00009131422777535728,
  1.3120356754027705e-6, 6.898487671095156e-10, 0., 0., 0., 0., 0., 0., 0.,
  0.000025432721879935914, 0.000036493080229732205, 0.000031359677762398155,
  0.00001684613231710803, 4.2255036383594786e-6, 3.3406052327947556e-7,
  4.892465138928431e-9, 2.6150854484444587e-12, 0., 0., 0., 0., 0., 0., 0.,
  0., 0., 0., 0., 0., 0., 0., 0., 0., 0., 0., 0., 0., 0., 0., 0., 0., 0., 0.,
  0., 0., 0., 0., 0., 0., 0., 0., 0., 0., 0., 0., 0., 0., 0., 0., 0., 0., 0.,
  0., 0., 0., 0., 0., 0., 0., 0., 0., 0., 0., 0., 0., 0., 0., 0., 0., 0., 0.,
  0., 0., 0., 0., 0., 0., 0., 0., 0., 0., 0., 0., 0., 0., 0., 0., 0., 0., 0.,
  0., 0., 0., 0., 0., 0., 0., 0., 0., 0., 0., 0., 0., 0., 0., 0., 0., 0., 0.,
  0., 0., 0., 0., 0., 0., 0., 0., 0., 0., 0., 0., 0., 0., 0., 0., 0., 0., 0.,
  0., 0., 0., 0., 0., 0., 0., 0., 0., 0., 0., 0., 0., 0., 0., 0., 0., 0., 0.,
  0., 0.], [0.16976282482633245, 0.4375495663383449, 0.7709884988347534, 1.,
  0.6626979984489423, 0.1611372340825354, 0.011688259445811446,
  0.00016118429926324248, 8.150418157005059e-8, 0., 0., 0., 0., 0., 0.,
  0.1535725245687215, 0.372961198594031, 0.6032107989594094,
  0.7081223900072725, 0.4411495661410872, 0.10540020713774598,
  0.007631067422480171, 0.000105740220347121, 5.406116580578247e-8, 0., 0.,
  0., 0., 0., 0., 0.09950974173373889, 0.2211421162220798,
  0.32494697913761894, 0.3438306478082174, 0.19863754235850561,
  0.04586343176547838, 0.0032795132967228004, 0.00004540634484473842,
  2.342581022668885e-8, 0., 0., 0., 0., 0., 0., 0.03565267869262375,
  0.07237523621147807, 0.09643996992889453, 0.09179065318267299,
  0.048803008679673375, 0.010785370414389317, 0.0007572450994894838,
  0.000010454276597192021, 5.449435863489308e-9, 0., 0., 0., 0., 0., 0.,
  0.00315668444495145, 0.006269040779262033, 0.007912924821820167,
  0.00701321298576467, 0.0034998361040972418, 0.0007450597452365941,
  0.0000514602590764594, 7.091233060477968e-7, 3.738354697215958e-10, 0.,
  0., 0., 0., 0., 0., 9.636096383306974e-6, 0.00002231860926300127,
  0.000029656074862286243, 0.00002663956620031201, 0.000013277389833992964,
  2.826035293735977e-6, 1.9594319712148157e-7, 2.722796927453056e-9,
  1.4565014933137573e-12, 0., 0., 0., 0., 0., 0., 0., 0., 0., 0., 0., 0.,
  0., 0., 0., 0., 0., 0., 0., 0., 0., 0., 0., 0., 0., 0., 0., 0., 0., 0., 0.,
  0., 0., 0., 0., 0., 0., 0., 0., 0., 0., 0., 0., 0., 0., 0., 0., 0., 0., 0.,
  0., 0., 0., 0., 0., 0., 0., 0., 0., 0., 0., 0., 0., 0., 0., 0., 0., 0., 0.,
  0., 0., 0., 0., 0., 0., 0., 0., 0., 0., 0., 0., 0., 0., 0., 0., 0., 0., 0.,
  0., 0., 0., 0., 0., 0., 0., 0., 0., 0., 0., 0., 0., 0., 0., 0., 0., 0., 0.,
  0., 0., 0., 0., 0., 0., 0., 0., 0., 0., 0., 0., 0., 0., 0., 0., 0., 0., 0.,
  0., 0., 0., 0., 0., 0., 0., 0., 0., 0., 0., 0., 0., 0., 0.],
 [0.014041620666779513, 0.07243724600483513, 0.24727301823231249,
  0.6626979984489423, 1., 0.6279605240754021, 0.14497518129383571,
  0.010240263466635431, 0.0001394600515591356, 7.044416213586241e-8, 0., 0.,
  0., 0., 0., 0.013142527338717838, 0.06490402083834068, 0.20309502583261516,
  0.48752234339221545, 0.6826427580269253, 0.41695239859629835,
  0.0955073646227324, 0.006755271199505806, 0.0000928204605139369,
  4.782730066188703e-8, 0., 0., 0., 0., 0., 0.008669688924164568,
  0.039479640173921, 0.11213626818098188, 0.24135707003704712,
  0.31138230429032177, 0.18285339250188087, 0.04123862667007656,
  0.0029092492845192537, 0.00004029302447675351, 2.1219306159020104e-8, 0.,
  0., 0., 0., 0., 0.00315668444495145, 0.01321737142637206,
  0.03401392007911713, 0.06555220732898506, 0.07739362163979842,
  0.04330361597647454, 0.009562564434658987, 0.000671577776253203,
  9.388297926247612e-6, 5.077913964611531e-9, 0., 0., 0., 0., 0.,
  0.0002852871779414837, 0.0011778651679512904, 0.002867681938383007,
  0.005117244534541374, 0.0056315400084950016, 0.003018189823152466,
  0.0006533547869300724, 0.0000457054231000388, 6.453615741401477e-7,
  3.586278180393081e-10, 0., 0., 0., 0., 0., 9.153667408789333e-7,
  4.486361142638718e-6, 0.000011459526698168664, 0.000020454433014203962,
  0.00002212531866067049, 0.000011698889961813519, 2.5207023735493384e-6,
  1.7692303387211348e-7, 2.526938176517462e-9, 1.4354058914409234e-12, 0.,
  0., 0., 0., 0., 0., 0., 0., 0., 0., 0., 0., 0., 0., 0., 0., 0., 0., 0., 0.,
  0., 0., 0., 0., 0., 0., 0., 0., 0., 0., 0., 0., 0., 0., 0., 0., 0., 0., 0.,
  0., 0., 0., 0., 0., 0., 0., 0., 0., 0., 0., 0., 0., 0., 0., 0., 0., 0., 0.,
  0., 0., 0., 0., 0., 0., 0., 0., 0., 0., 0., 0., 0., 0., 0., 0., 0., 0., 0.,
  0., 0., 0., 0., 0., 0., 0., 0., 0., 0., 0., 0., 0., 0., 0., 0., 0., 0., 0.,
  0., 0., 0., 0., 0., 0., 0., 0., 0., 0., 0., 0., 0., 0., 0., 0., 0., 0., 0.,
  0., 0., 0., 0., 0., 0., 0., 0., 0., 0., 0., 0., 0., 0., 0., 0., 0., 0., 0.,
  0., 0., 0., 0., 0., 0.], [0.00003607900828710748, 0.0016721160572698598,
  0.02105838573223786, 0.1611372340825354, 0.6279605240754021, 1.,
  0.622357379831914, 0.14224235282186676, 0.009993360931772962,
  0.00013638734050712206, 7.044416214195336e-8, 0., 0., 0., 0.,
  0.000036862779289201475, 0.0015954426289554891, 0.01803040236929912,
  0.12164196597374474, 0.43543143100308074, 0.6703598166279524,
  0.41242420066036023, 0.09416442651559961, 0.006663358784559443,
  0.00009264430888250227, 4.9946972460474806e-8, 0., 0., 0., 0.,
  0.000025432721879935927, 0.0010017757063426216, 0.010167742735161352,
  0.06102442773029262, 0.20023569424510607, 0.2954526580347148,
  0.178626991334547, 0.040627576527724786, 0.002895275928759007,
  0.000041113597712014565, 2.3236443373473323e-8, 0., 0., 0., 0.,
  9.636096383306976e-6, 0.0003449053261807474, 0.003142383724722883,
  0.016771159084470806, 0.05013158694641976, 0.07028385406864383,
  0.041535552693291615, 0.0093940524872125, 0.0006751753866352626,
  9.84101591606704e-6, 5.878582647315376e-9, 0., 0., 0., 0.,
  9.153667408789335e-7, 0.0000318240167402163, 0.00027118466486222707,
  0.0013287801399841919, 0.0036814602490476984, 0.004926537792608369,
  0.0028478571309202777, 0.0006406666313446962, 0.00004646231650886224,
  6.952252312064173e-7, 4.37439039221582e-10, 0., 0., 0., 0.,
  3.305101299200977e-9, 1.3153388699703716e-7, 1.1452293618309575e-6,
  5.503404524826274e-6, 0.0000147884879687778, 0.000019361026397471794,
  0.000011081483977517931, 2.4926234218520662e-6, 1.824021669848497e-7,
  2.7846122684663707e-9, 1.8144869151689515e-12, 0., 0., 0., 0., 0., 0.,
  0., 0., 0., 0., 0., 0., 0., 0., 0., 0., 0., 0., 0., 0., 0., 0., 0., 0., 0.,
  0., 0., 0., 0., 0., 0., 0., 0., 0., 0., 0., 0., 0., 0., 0., 0., 0., 0., 0.,
  0., 0., 0., 0., 0., 0., 0., 0., 0., 0., 0., 0., 0., 0., 0., 0., 0., 0., 0.,
  0., 0., 0., 0., 0., 0., 0., 0., 0., 0., 0., 0., 0., 0., 0., 0., 0., 0., 0.,
  0., 0., 0., 0., 0., 0., 0., 0., 0., 0., 0., 0., 0., 0., 0., 0., 0., 0., 0.,
  0., 0., 0., 0., 0., 0., 0., 0., 0., 0., 0., 0., 0., 0., 0., 0., 0., 0., 0.,
  0., 0., 0., 0., 0., 0., 0., 0., 0., 0., 0., 0., 0., 0., 0., 0., 0., 0.,
  0.], [0., 1.0097111086425189e-6, 0.00030911137157437635,
  0.011688259445811446, 0.14497518129383571, 0.622357379831914,
  1.0000000000000002, 0.6211265461982589, 0.14173075530947146,
  0.009993360931772801, 0.00013946005155919034, 8.150418156974472e-8, 0.,
  0., 0., 0., 1.011735925148304e-6, 0.0002718030802710483,
  0.008964507725046032, 0.10152414686864386, 0.4198008661154123,
  0.6651746970830366, 0.41199157138200493, 0.09454954035264193,
  0.0067825403662462825, 0.0000986679729135027, 6.350772593900955e-8, 0.,
  0., 0., 0., 6.516362745170088e-7, 0.0001554070423608594,
  0.004534466970711863, 0.04692695222566485, 0.1856208523982567,
  0.28866108920439254, 0.17793654848123153, 0.04109296397450596,
  0.003008635939111029, 0.000045850916660639324, 3.2390038741659845e-8, 0.,
  0., 0., 0., 2.2954322159851087e-7, 0.00004862822679063183,
  0.0012554560221964069, 0.011803170589959009, 0.04428503713979719,
  0.06723965964809514, 0.041180874886163406, 0.009585046592442581,
  0.000719869247769712, 0.000011588071665302627, 9.034759124850816e-9, 0.,
  0., 0., 0., 2.180168515957298e-8, 4.262800329298823e-6,
  0.00010040530679406171, 0.000871857108281469, 0.003115594068803344,
  0.004620520378292059, 0.0028117628578561613, 0.0006597891375491594,
  0.00005083040022133924, 8.611907145730415e-7, 7.293990683560508e-10, 0.,
  0., 0., 0., 9.668933714221874e-11, 1.869839155789877e-8,
  4.2539583977534387e-7, 3.5523019951187663e-6, 0.000012353986317651281,
  0.00001807669810986889, 0.000010970508183353934, 2.592040621735112e-6,
  2.0334766352705283e-7, 3.561089805834059e-9, 3.1620882224100738e-12, 0.,
  0., 0., 0., 0., 0., 0., 0., 0., 0., 0., 0., 0., 0., 0., 0., 0., 0., 0., 0.,
  0., 0., 0., 0., 0., 0., 0., 0., 0., 0., 0., 0., 0., 0., 0., 0., 0., 0., 0.,
  0., 0., 0., 0., 0., 0., 0., 0., 0., 0., 0., 0., 0., 0., 0., 0., 0., 0., 0.,
  0., 0., 0., 0., 0., 0., 0., 0., 0., 0., 0., 0., 0., 0., 0., 0., 0., 0., 0.,
  0., 0., 0., 0., 0., 0., 0., 0., 0., 0., 0., 0., 0., 0., 0., 0., 0., 0., 0.,
  0., 0., 0., 0., 0., 0., 0., 0., 0., 0., 0., 0., 0., 0., 0., 0., 0., 0., 0.,
  0., 0., 0., 0., 0., 0., 0., 0., 0., 0., 0., 0., 0., 0., 0., 0., 0., 0., 0.,
  0., 0., 0., 0.], [0., 0., 1.6037979829797612e-7, 0.00016118429926324248,
  0.010240263466635431, 0.14224235282186676, 0.6211265461982589,
  0.9999999999999997, 0.6211265461982584, 0.14224235282186623,
  0.010240263466635485, 0.00016118429926313904, 1.6037979828563795e-7, 0.,
  0., 0., 0., 1.431712995863331e-7, 0.0001248343016008384,
  0.007216520437390364, 0.09632491277161899, 0.41403866625935615,
  0.663715235665823, 0.41403866625935576, 0.0963249127716186,
  0.007216520437390407, 0.0001248343016007588, 1.4317129957529454e-7, 0.,
  0., 0., 0., 8.251071160638791e-8, 0.00006346628812334344,
  0.0033466384795848773, 0.04267861383798225, 0.1798766833398745,
  0.2867483774850662, 0.17987668333987433, 0.042678613837982056,
  0.0033466384795848964, 0.00006346628812330304, 8.251071160001875e-8, 0.,
  0., 0., 0., 2.6003516820309508e-8, 0.00001765259450135413,
  0.000844248215790803, 0.010200924371769202, 0.04194160974075242,
  0.06638338376982246, 0.04194160974075238, 0.010200924371769162,
  0.0008442482157908083, 0.000017652594501342933, 2.6003516818300085e-8, 0.,
  0., 0., 0., 2.300290120484115e-9, 1.419991789957106e-6,
  0.0000625955333251144, 0.0007193398996813357, 0.002885745751236992,
  0.004534238852129753, 0.00288574575123699, 0.0007193398996813326,
  0.00006259553332511478, 1.419991789956208e-6, 2.3002901203061125e-9, 0.,
  0., 0., 0., 1.0316924167427651e-11, 6.1019148691723815e-9,
  2.573715461309067e-7, 2.8684924343191993e-6, 0.000011324384060128393,
  0.000017707003667777187, 0.000011324384060128388, 2.8684924343191883e-6,
  2.5737154613090844e-7, 6.1019148691685524e-9, 1.03169241666265e-11, 0.,
  0., 0., 0., 0., 0., 0., 0., 0., 0., 0., 0., 0., 0., 0., 0., 0., 0., 0., 0.,
  0., 0., 0., 0., 0., 0., 0., 0., 0., 0., 0., 0., 0., 0., 0., 0., 0., 0., 0.,
  0., 0., 0., 0., 0., 0., 0., 0., 0., 0., 0., 0., 0., 0., 0., 0., 0., 0., 0.,
  0., 0., 0., 0., 0., 0., 0., 0., 0., 0., 0., 0., 0., 0., 0., 0., 0., 0., 0.,
  0., 0., 0., 0., 0., 0., 0., 0., 0., 0., 0., 0., 0., 0., 0., 0., 0., 0., 0.,
  0., 0., 0., 0., 0., 0., 0., 0., 0., 0., 0., 0., 0., 0., 0., 0., 0., 0., 0.,
  0., 0., 0., 0., 0., 0., 0., 0., 0., 0., 0., 0., 0., 0., 0., 0., 0., 0., 0.,
  0., 0., 0.], [0., 0., 0., 8.150418157005059e-8, 0.0001394600515591356,
  0.009993360931772962, 0.14173075530947146, 0.6211265461982584,
  1.0000000000000002, 0.6223573798319142, 0.14497518129383608,
  0.011688259445811672, 0.00030911137157417647, 1.0097111085712205e-6, 0.,
  0., 0., 0., 6.350772593926595e-8, 0.00009866797291346397,
  0.0067825403662463875, 0.09454954035264192, 0.41199157138200465,
  0.6651746970830364, 0.4198008661154123, 0.10152414686864415,
  0.008964507725046221, 0.00027180308027087386, 1.0117359250759354e-6, 0.,
  0., 0., 0., 3.239003874179543e-8, 0.00004585091666062136,
  0.0030086359391110775, 0.04109296397450596, 0.1779365484812314,
  0.2886610892043926, 0.18562085239825668, 0.04692695222566496,
  0.00453446697071196, 0.00015540704236076007, 6.516362744700788e-7, 0., 0.,
  0., 0., 9.034759124889842e-9, 0.000011588071665298087,
  0.0007198692477697234, 0.009585046592442584, 0.04118087488616338,
  0.06723965964809514, 0.044285037139797194, 0.011803170589959042,
  0.001255456022196435, 0.00004862822679060086, 2.2954322158187634e-7, 0.,
  0., 0., 0., 7.293990683593251e-10, 8.611907145727043e-7,
  0.000050830400221340037, 0.0006597891375491593, 0.0028117628578561583,
  0.004620520378292061, 0.0031155940688033434, 0.0008718571082814713,
  0.00010040530679406406, 4.2628003292961175e-6, 2.180168515798048e-8, 0.,
  0., 0., 0., 3.162088222425567e-12, 3.5610898058326657e-9,
  2.0334766352705595e-7, 2.592040621735112e-6, 0.000010970508183353927,
  0.000018076698109868898, 0.00001235398631765129, 3.552301995118776e-6,
  4.253958397753544e-7, 1.8698391557887e-8, 9.668933713501585e-11, 0., 0.,
  0., 0., 0., 0., 0., 0., 0., 0., 0., 0., 0., 0., 0., 0., 0., 0., 0., 0., 0.,
  0., 0., 0., 0., 0., 0., 0., 0., 0., 0., 0., 0., 0., 0., 0., 0., 0., 0., 0.,
  0., 0., 0., 0., 0., 0., 0., 0., 0., 0., 0., 0., 0., 0., 0., 0., 0., 0., 0.,
  0., 0., 0., 0., 0., 0., 0., 0., 0., 0., 0., 0., 0., 0., 0., 0., 0., 0., 0.,
  0., 0., 0., 0., 0., 0., 0., 0., 0., 0., 0., 0., 0., 0., 0., 0., 0., 0., 0.,
  0., 0., 0., 0., 0., 0., 0., 0., 0., 0., 0., 0., 0., 0., 0., 0., 0., 0., 0.,
  0., 0., 0., 0., 0., 0., 0., 0., 0., 0., 0., 0., 0., 0., 0., 0., 0., 0., 0.,
  0.], [0., 0., 0., 0., 7.044416213586241e-8, 0.00013638734050712206,
  0.009993360931772801, 0.14224235282186623, 0.6223573798319142,
  1.0000000000000002, 0.6279605240754024, 0.16113723408253666,
  0.021058385732238564, 0.0016721160572671131, 0.000036079008286097365, 0.,
  0., 0., 0., 4.994697245616216e-8, 0.00009264430888250227,
  0.006663358784559336, 0.09416442651559921, 0.4124242006603603,
  0.6703598166279525, 0.4354314310030808, 0.1216419659737458,
  0.01803040236929974, 0.001595442628952721, 0.00003686277928815374, 0., 0.,
  0., 0., 2.3236443371468432e-8, 0.00004111359771201458,
  0.002895275928758961, 0.04062757652772462, 0.178626991334547,
  0.2954526580347148, 0.20023569424510607, 0.06102442773029311,
  0.010167742735161705, 0.001001775706340829, 0.000025432721879210152, 0.,
  0., 0., 0., 5.8785826468084884e-9, 9.84101591606704e-6,
  0.0006751753866352523, 0.009394052487212463, 0.041535552693291615,
  0.07028385406864385, 0.05013158694641978, 0.01677115908447095,
  0.0031423837247229938, 0.0003449053261801123, 9.636096383031666e-6, 0.,
  0., 0., 0., 4.374390391838948e-10, 6.952252312064173e-7,
  0.0000464623165088615, 0.0006406666313446935, 0.002847857130920279,
  0.0049265377926083695, 0.0036814602490476992, 0.0013287801399842032,
  0.00027118466486223677, 0.0000318240167401555, 9.153667408528014e-7, 0.,
  0., 0., 0., 1.8144869150129403e-12, 2.78461226846637e-9,
  1.824021669848468e-7, 2.4926234218520557e-6, 0.000011081483977517933,
  0.000019361026397471797, 0.000014788487968777806, 5.50340452482632e-6,
  1.145229361831e-6, 1.3153388699676167e-7, 3.3051012991078382e-9, 0., 0.,
  0., 0., 0., 0., 0., 0., 0., 0., 0., 0., 0., 0., 0., 0., 0., 0., 0., 0., 0.,
  0., 0., 0., 0., 0., 0., 0., 0., 0., 0., 0., 0., 0., 0., 0., 0., 0., 0., 0.,
  0., 0., 0., 0., 0., 0., 0., 0., 0., 0., 0., 0., 0., 0., 0., 0., 0., 0., 0.,
  0., 0., 0., 0., 0., 0., 0., 0., 0., 0., 0., 0., 0., 0., 0., 0., 0., 0., 0.,
  0., 0., 0., 0., 0., 0., 0., 0., 0., 0., 0., 0., 0., 0., 0., 0., 0., 0., 0.,
  0., 0., 0., 0., 0., 0., 0., 0., 0., 0., 0., 0., 0., 0., 0., 0., 0., 0., 0.,
  0., 0., 0., 0., 0., 0., 0., 0., 0., 0., 0., 0., 0., 0., 0., 0., 0., 0.,
  0.], [0., 0., 0., 0., 0., 7.044416214195336e-8, 0.00013946005155919034,
  0.010240263466635485, 0.14497518129383608, 0.6279605240754024,
  0.9999999999999994, 0.6626979984489426, 0.24727301823231396,
  0.07243724600482784, 0.01404162066670592, 0., 0., 0., 0., 0.,
  4.7827300666016665e-8, 0.0000928204605139733, 0.006755271199505846,
  0.09550736462273264, 0.41695239859629846, 0.6826427580269253,
  0.487522343392216, 0.2030950258326164, 0.06490402083833288,
  0.013142527338637452, 0., 0., 0., 0., 0., 2.1219306160850956e-8,
  0.000040293024476769314, 0.00290924928451927, 0.04123862667007664,
  0.18285339250188085, 0.3113823042903217, 0.24135707003704723,
  0.11213626818098252, 0.039479640173915795, 0.0086696889241073, 0., 0., 0.,
  0., 0., 5.077913965049379e-9, 9.388297926251293e-6,
  0.0006715777762532069, 0.009562564434659008, 0.043303615976474544,
  0.0773936216397984, 0.06555220732898512, 0.034013920079117355,
  0.013217371426370155, 0.003156684444929162, 0., 0., 0., 0., 0.,
  3.5862781807020535e-10, 6.453615741404005e-7, 0.000045705423100039085,
  0.0006533547869300741, 0.003018189823152467, 0.005631540008495001,
  0.005117244534541379, 0.0028676819383830253, 0.001177865167951103,
  0.00028528717793929075, 0., 0., 0., 0., 0., 1.435405891564341e-12,
  2.5269381765184486e-9, 1.7692303387211461e-7, 2.5207023735493456e-6,
  0.000011698889961813522, 0.000022125318660670492, 0.000020454433014203972,
  0.000011459526698168745, 4.486361142637841e-6, 9.153667408702609e-7, 0.,
  0., 0., 0., 0., 0., 0., 0., 0., 0., 0., 0., 0., 0., 0., 0., 0., 0., 0., 0.,
  0., 0., 0., 0., 0., 0., 0., 0., 0., 0., 0., 0., 0., 0., 0., 0., 0., 0., 0.,
  0., 0., 0., 0., 0., 0., 0., 0., 0., 0., 0., 0., 0., 0., 0., 0., 0., 0., 0.,
  0., 0., 0., 0., 0., 0., 0., 0., 0., 0., 0., 0., 0., 0., 0., 0., 0., 0., 0.,
  0., 0., 0., 0., 0., 0., 0., 0., 0., 0., 0., 0., 0., 0., 0., 0., 0., 0., 0.,
  0., 0., 0., 0., 0., 0., 0., 0., 0., 0., 0., 0., 0., 0., 0., 0., 0., 0., 0.,
  0., 0., 0., 0., 0., 0., 0., 0., 0., 0., 0., 0., 0., 0., 0., 0., 0., 0., 0.,
  0.], [0., 0., 0., 0., 0., 0., 8.150418156974472e-8,
  0.00016118429926313904, 0.011688259445811672, 0.16113723408253666,
  0.6626979984489426, 1., 0.7709884988347541, 0.4375495663383466,
  0.16976282482594984, 0., 0., 0., 0., 0., 0., 5.4061165805564186e-8,
  0.00010574022034705354, 0.00763106742248033, 0.10540020713774684,
  0.44114956614108763, 0.7081223900072727, 0.6032107989594097,
  0.37296119859403115, 0.1535725245683009, 0., 0., 0., 0., 0., 0.,
  2.3425810226590783e-8, 0.00004540634484470953, 0.003279513296722871,
  0.04586343176547875, 0.19863754235850567, 0.3438306478082174,
  0.32494697913761916, 0.22114211622207947, 0.09950974173343897, 0., 0., 0.,
  0., 0., 0., 5.449435863465767e-9, 0.000010454276597185384,
  0.0007572450994895003, 0.010785370414389407, 0.04880300867967342,
  0.09179065318267302, 0.09643996992889459, 0.0723752362114777,
  0.03565267869250716, 0., 0., 0., 0., 0., 0., 3.738354697199175e-10,
  7.091233060473484e-7, 0.000051460259076460594, 0.0007450597452366003,
  0.003499836104097243, 0.007013212985764669, 0.007912924821820171,
  0.006269040779261983, 0.0031566844449399728, 0., 0., 0., 0., 0., 0.,
  1.4565014933066208e-12, 2.7227969274513473e-9, 1.9594319712148644e-7,
  2.826035293736e-6, 0.000013277389833992974, 0.00002663956620031201,
  0.000029656074862286274, 0.000022318609263001007, 9.636096383261114e-6,
  0., 0., 0., 0., 0., 0., 0., 0., 0., 0., 0., 0., 0., 0., 0., 0., 0., 0., 0.,
  0., 0., 0., 0., 0., 0., 0., 0., 0., 0., 0., 0., 0., 0., 0., 0., 0., 0., 0.,
  0., 0., 0., 0., 0., 0., 0., 0., 0., 0., 0., 0., 0., 0., 0., 0., 0., 0., 0.,
  0., 0., 0., 0., 0., 0., 0., 0., 0., 0., 0., 0., 0., 0., 0., 0., 0., 0., 0.,
  0., 0., 0., 0., 0., 0., 0., 0., 0., 0., 0., 0., 0., 0., 0., 0., 0., 0., 0.,
  0., 0., 0., 0., 0., 0., 0., 0., 0., 0., 0., 0., 0., 0., 0., 0., 0., 0., 0.,
  0., 0., 0., 0., 0., 0., 0., 0., 0., 0., 0., 0., 0., 0., 0., 0., 0., 0., 0.,
  0., 0.], [0., 0., 0., 0., 0., 0., 0., 1.6037979828563795e-7,
  0.00030911137157417647, 0.021058385732238564, 0.24727301823231396,
  0.7709884988347541, 1., 0.8548941344978614, 0.4991969980752147, 0., 0., 0.,
  0., 0., 0., 0., 1.0430383027715963e-7, 0.00019899915568271487,
  0.013436973700648875, 0.15806242245886518, 0.5188085475397366,
  0.7428039347931494, 0.6972175221645094, 0.4400687790471707, 0., 0., 0., 0.,
  0., 0., 0., 4.458634320164969e-8, 0.00008489300882784528,
  0.00577172272938908, 0.0697052493477727, 0.24543165832068073,
  0.3895940391634022, 0.4039786326932126, 0.2812443295480429, 0., 0., 0., 0.,
  0., 0., 0., 1.0223389635773747e-8, 0.000019471561685148754,
  0.0013415553253671366, 0.016810992240635092, 0.06402276853503931,
  0.11290373986193963, 0.12950111492122532, 0.09950974173358576, 0., 0., 0.,
  0., 0., 0., 0., 6.898487670561338e-10, 1.3120356754019394e-6,
  0.0000913142277753606, 0.0011778171391715695, 0.004751955797574439,
  0.00899038502380787, 0.010926110787400821, 0.008669688924149547, 0., 0.,
  0., 0., 0., 0., 0., 2.6150854482413883e-12, 4.892465138925356e-9,
  3.340605232794882e-7, 4.225503638359512e-6, 0.000016846132317108053,
  0.000031359677762398155, 0.00003649308022973222, 0.000025432721879875432,
  0., 0., 0., 0., 0., 0., 0., 0., 0., 0., 0., 0., 0., 0., 0., 0., 0., 0., 0.,
  0., 0., 0., 0., 0., 0., 0., 0., 0., 0., 0., 0., 0., 0., 0., 0., 0., 0., 0.,
  0., 0., 0., 0., 0., 0., 0., 0., 0., 0., 0., 0., 0., 0., 0., 0., 0., 0., 0.,
  0., 0., 0., 0., 0., 0., 0., 0., 0., 0., 0., 0., 0., 0., 0., 0., 0., 0., 0.,
  0., 0., 0., 0., 0., 0., 0., 0., 0., 0., 0., 0., 0., 0., 0., 0., 0., 0., 0.,
  0., 0., 0., 0., 0., 0., 0., 0., 0., 0., 0., 0., 0., 0., 0., 0., 0., 0., 0.,
  0., 0., 0., 0., 0., 0., 0., 0., 0., 0., 0., 0., 0., 0., 0., 0., 0., 0., 0.,
  0., 0.], [0., 0., 0., 0., 0., 0., 0., 0., 1.0097111085712205e-6,
  0.0016721160572671131, 0.07243724600482784, 0.4375495663383466,
  0.8548941344978614, 1.0000000000000002, 0.8152991144994431, 0., 0., 0., 0.,
  0., 0., 0., 0., 6.346995994088453e-7, 0.0010187823999018711,
  0.04328178291197725, 0.27485640376572246, 0.59740999775391,
  0.7769411267965277, 0.6990202202060739, 0., 0., 0., 0., 0., 0., 0., 0.,
  2.673681892737926e-7, 0.0004271246714074051, 0.018432991528285987,
  0.12545639121235647, 0.30343218648467174, 0.4386785265064298,
  0.44006877904751174, 0., 0., 0., 0., 0., 0., 0., 0., 6.062617079580564e-8,
  0.00009712534769890134, 0.004308886653378484, 0.031692076314483564,
  0.08541946011900761, 0.13735366362724985, 0.15357252456864023, 0., 0., 0.,
  0., 0., 0., 0., 0., 4.025631409631292e-9, 6.428677044945239e-6,
  0.00029022562733962715, 0.0022585501504851545, 0.006554791634535962,
  0.01124319479416788, 0.013142527338710002, 0., 0., 0., 0., 0., 0., 0., 0.,
  1.4474053923897773e-11, 2.1951209307213794e-8, 9.464423021585328e-7,
  7.253402551403998e-6, 0.00002087846834783149, 0.00003483168407673093,
  0.000036862779289169416, 0., 0., 0., 0., 0., 0., 0., 0., 0., 0., 0., 0.,
  0., 0., 0., 0., 0., 0., 0., 0., 0., 0., 0., 0., 0., 0., 0., 0., 0., 0., 0.,
  0., 0., 0., 0., 0., 0., 0., 0., 0., 0., 0., 0., 0., 0., 0., 0., 0., 0., 0.,
  0., 0., 0., 0., 0., 0., 0., 0., 0., 0., 0., 0., 0., 0., 0., 0., 0., 0., 0.,
  0., 0., 0., 0., 0., 0., 0., 0., 0., 0., 0., 0., 0., 0., 0., 0., 0., 0., 0.,
  0., 0., 0., 0., 0., 0., 0., 0., 0., 0., 0., 0., 0., 0., 0., 0., 0., 0., 0.,
  0., 0., 0., 0., 0., 0., 0., 0., 0., 0., 0., 0., 0., 0., 0., 0., 0., 0., 0.,
  0., 0., 0., 0., 0., 0., 0., 0., 0.], [0., 0., 0., 0., 0., 0., 0., 0., 0.,
  0.000036079008286097365, 0.01404162066670592, 0.16976282482594984,
  0.4991969980752147, 0.8152991144994431, 1., 0., 0., 0., 0., 0., 0., 0., 0.,
  0., 0.000019627239215870234, 0.007307744033424438, 0.0943684082232973,
  0.3144094924628175, 0.5828551477064453, 0.8152991144997215, 0., 0., 0., 0.,
  0., 0., 0., 0., 0., 7.747330714386861e-6, 0.0028920196787082125,
  0.04033313869101271, 0.15092532430760264, 0.3144094924630568,
  0.49919699807572726, 0., 0., 0., 0., 0., 0., 0., 0., 0.,
  1.6674273730513313e-6, 0.0006323597974174324, 0.009593254588420783,
  0.04033313869107123, 0.09436840822350197, 0.16976282482634003, 0., 0., 0.,
  0., 0., 0., 0., 0., 0., 1.0281729670981557e-7, 0.000039086507858829804,
  0.0006323597974195831, 0.0028920196787221666, 0.007307744033464291,
  0.014041620666780488, 0., 0., 0., 0., 0., 0., 0., 0., 0.,
  2.936815820979798e-10, 1.0281729671177545e-7, 1.667427373090976e-6,
  7.747330714589056e-6, 0.000019627239216409468, 0.000036079008287110145,
  0., 0., 0., 0., 0., 0., 0., 0., 0., 0., 0., 0., 0., 0., 0., 0., 0., 0., 0.,
  0., 0., 0., 0., 0., 0., 0., 0., 0., 0., 0., 0., 0., 0., 0., 0., 0., 0., 0.,
  0., 0., 0., 0., 0., 0., 0., 0., 0., 0., 0., 0., 0., 0., 0., 0., 0., 0., 0.,
  0., 0., 0., 0., 0., 0., 0., 0., 0., 0., 0., 0., 0., 0., 0., 0., 0., 0., 0.,
  0., 0., 0., 0., 0., 0., 0., 0., 0., 0., 0., 0., 0., 0., 0., 0., 0., 0., 0.,
  0., 0., 0., 0., 0., 0., 0., 0., 0., 0., 0., 0., 0., 0., 0., 0., 0., 0., 0.,
  0., 0., 0., 0., 0., 0., 0., 0., 0., 0., 0., 0., 0., 0., 0., 0., 0., 0., 0.,
  0., 0.], [0.8152991144997184, 0.6990202202063819, 0.4400687790477278,
  0.1535725245687215, 0.013142527338717838, 0.000036862779289201475, 0., 0.,
  0., 0., 0., 0., 0., 0., 0., 1.0000000000000002, 0.776941126796528,
  0.4386785265064307, 0.1373536636272504, 0.01124319479416794,
  0.000034831684076731065, 0., 0., 0., 0., 0., 0., 0., 0., 0.,
  0.8548941344978566, 0.5974099977539057, 0.3034321864846696,
  0.0854194601190069, 0.006554791634535906, 0.000020878468347831257, 0., 0.,
  0., 0., 0., 0., 0., 0., 0., 0.43754956633834474, 0.2748564037657216,
  0.12545639121235613, 0.03169207631448348, 0.00225855015048515,
  7.253402551404001e-6, 0., 0., 0., 0., 0., 0., 0., 0., 0.,
  0.07243724600483514, 0.04328178291198233, 0.018432991528288332,
  0.004308886653379073, 0.0002902256273396705, 9.46442302158707e-7, 0., 0.,
  0., 0., 0., 0., 0., 0., 0., 0.0016721160572698598, 0.0010187823999036364,
  0.0004271246714081674, 0.00009712534769907948, 6.428677044957458e-6,
  2.1951209307259514e-8, 0., 0., 0., 0., 0., 0., 0., 0., 0.,
  1.009711108642519e-6, 6.346995994542432e-7, 2.673681892930469e-7,
  6.062617080019861e-8, 4.0256314099253045e-9, 1.4474053924975848e-11, 0.,
  0., 0., 0., 0., 0., 0., 0., 0., 0., 0., 0., 0., 0., 0., 0., 0., 0., 0., 0.,
  0., 0., 0., 0., 0., 0., 0., 0., 0., 0., 0., 0., 0., 0., 0., 0., 0., 0., 0.,
  0., 0., 0., 0., 0., 0., 0., 0., 0., 0., 0., 0., 0., 0., 0., 0., 0., 0., 0.,
  0., 0., 0., 0., 0., 0., 0., 0., 0., 0., 0., 0., 0., 0., 0., 0., 0., 0., 0.,
  0., 0., 0., 0., 0., 0., 0., 0., 0., 0., 0., 0., 0., 0., 0., 0., 0., 0., 0.,
  0., 0., 0., 0., 0., 0., 0., 0., 0., 0., 0., 0., 0., 0., 0., 0., 0., 0., 0.,
  0., 0., 0., 0., 0., 0., 0., 0., 0., 0., 0., 0., 0., 0.],
 [0.5828551477066986, 0.7769411267965282, 0.6972175221645064,
  0.372961198594031, 0.06490402083834068, 0.0015954426289554891,
  1.011735925148304e-6, 0., 0., 0., 0., 0., 0., 0., 0., 0.776941126796528,
  1.0000000000000002, 0.8383680028230679, 0.4174675077435299,
  0.07192365072063953, 0.0019033582412058393, 1.319517903018628e-6, 0., 0.,
  0., 0., 0., 0., 0., 0., 0.697217522164506, 0.8383680028230677,
  0.6473390429466055, 0.2958423602164862, 0.04868232863748635,
  0.0013084362497352946, 9.452723988237818e-7, 0., 0., 0., 0., 0., 0., 0.,
  0., 0.372961198594031, 0.41746750774353003, 0.29584236021648613,
  0.12351786130284101, 0.01917643024152128, 0.000514278681825249,
  3.8236484952297773e-7, 0., 0., 0., 0., 0., 0., 0., 0.,
  0.06490402083834067, 0.07192365072063954, 0.04868232863748634,
  0.019176430241521283, 0.0028608586872848384, 0.0000770447458504414,
  5.92315811693327e-8, 0., 0., 0., 0., 0., 0., 0., 0.,
  0.0015954426289554893, 0.0019033582412058393, 0.0013084362497352946,
  0.0005142786818252489, 0.0000770447458504414, 2.1480621738912266e-6,
  1.7507177769560187e-9, 0., 0., 0., 0., 0., 0., 0., 0.,
  1.0117359251483036e-6, 1.3195179030186282e-6, 9.452723988237816e-7,
  3.823648495229777e-7, 5.9231581169332685e-8, 1.7507177769560194e-9,
  1.55540554907083e-12, 0., 0., 0., 0., 0., 0., 0., 0., 0., 0., 0., 0., 0.,
  0., 0., 0., 0., 0., 0., 0., 0., 0., 0., 0., 0., 0., 0., 0., 0., 0., 0., 0.,
  0., 0., 0., 0., 0., 0., 0., 0., 0., 0., 0., 0., 0., 0., 0., 0., 0., 0., 0.,
  0., 0., 0., 0., 0., 0., 0., 0., 0., 0., 0., 0., 0., 0., 0., 0., 0., 0., 0.,
  0., 0., 0., 0., 0., 0., 0., 0., 0., 0., 0., 0., 0., 0., 0., 0., 0., 0., 0.,
  0., 0., 0., 0., 0., 0., 0., 0., 0., 0., 0., 0., 0., 0., 0., 0., 0., 0., 0.,
  0., 0., 0., 0., 0., 0., 0., 0., 0., 0., 0., 0., 0., 0., 0., 0., 0., 0., 0.,
  0.], [0.3144094924632132, 0.5974099977539058, 0.7428039347931495,
  0.6032107989594094, 0.20309502583261516, 0.01803040236929912,
  0.0002718030802710483, 1.431712995863331e-7, 0., 0., 0., 0., 0., 0., 0.,
  0.4386785265064307, 0.8383680028230679, 1.0000000000000004,
  0.7701019627482376, 0.2577308950521784, 0.023873061498877975,
  0.0003760412888630337, 2.0466767200675076e-7, 0., 0., 0., 0., 0., 0., 0.,
  0.4039786326932111, 0.7384698062092846, 0.8234493067665051,
  0.5880036314766764, 0.18847138969417576, 0.017466143899647103,
  0.00027951918211968835, 1.5481756770247287e-7, 0., 0., 0., 0., 0., 0., 0.,
  0.22114211622207983, 0.3843096034183581, 0.39843389328118545,
  0.2621845232304503, 0.07946949288804556, 0.007259570426781873,
  0.00011694486809181288, 6.566256557910753e-8, 0., 0., 0., 0., 0., 0., 0.,
  0.039479640173921, 0.06953160367927512, 0.06982378366426015,
  0.04374581248548043, 0.012771838529756226, 0.0011571533433069442,
  0.000018817040558037153, 1.0733607393515297e-8, 0., 0., 0., 0., 0., 0.,
  0., 0.0010017757063426216, 0.0019596054888565435, 0.0020360165677553743,
  0.001288184822415933, 0.0003790657014372666, 0.00003505493724362187,
  5.858720486885353e-7, 3.4295757581812224e-10, 0., 0., 0., 0., 0., 0., 0.,
  6.516362745170089e-7, 1.4452851723072933e-6, 1.604961241233024e-6,
  1.0650835736610218e-6, 3.2770373600115324e-7, 3.188003441277572e-8,
  5.612012924028664e-10, 3.4294956880380336e-13, 0., 0., 0., 0., 0., 0.,
  0., 0., 0., 0., 0., 0., 0., 0., 0., 0., 0., 0., 0., 0., 0., 0., 0., 0., 0.,
  0., 0., 0., 0., 0., 0., 0., 0., 0., 0., 0., 0., 0., 0., 0., 0., 0., 0., 0.,
  0., 0., 0., 0., 0., 0., 0., 0., 0., 0., 0., 0., 0., 0., 0., 0., 0., 0., 0.,
  0., 0., 0., 0., 0., 0., 0., 0., 0., 0., 0., 0., 0., 0., 0., 0., 0., 0., 0.,
  0., 0., 0., 0., 0., 0., 0., 0., 0., 0., 0., 0., 0., 0., 0., 0., 0., 0., 0.,
  0., 0., 0., 0., 0., 0., 0., 0., 0., 0., 0., 0., 0., 0., 0., 0., 0., 0., 0.,
  0., 0., 0., 0., 0., 0., 0.], [0.09436840822355495, 0.27485640376572146,
  0.5188085475397359, 0.7081223900072725, 0.48752234339221545,
  0.12164196597374474, 0.008964507725046032, 0.0001248343016008384,
  6.350772593926595e-8, 0., 0., 0., 0., 0., 0., 0.1373536636272504,
  0.4174675077435299, 0.7701019627482376, 0.9999999999999996,
  0.6745395210902804, 0.17078673259963392, 0.01284925823474502,
  0.0001824844283328931, 9.476839345127859e-8, 0., 0., 0., 0., 0., 0.,
  0.12950111492122512, 0.384309603418358, 0.6695761025423052,
  0.8078965266540993, 0.5183750294036302, 0.1294616256900612,
  0.009765529129578945, 0.00014000491587808122, 7.386225192037019e-8, 0.,
  0., 0., 0., 0., 0., 0.07237523621147804, 0.2078793127608457,
  0.3396782053686822, 0.3783305228677283, 0.2282801870579873,
  0.05554373711973076, 0.00416904899661673, 0.000060151622773157073,
  3.2259106306653474e-8, 0., 0., 0., 0., 0., 0., 0.013217371426372058,
  0.03922665983949919, 0.06265260733923197, 0.06655144623260166,
  0.038458524446860376, 0.009169230177203856, 0.0006861595501681968,
  9.976043026134509e-6, 5.445284678362993e-9, 0., 0., 0., 0., 0., 0.,
  0.0003449053261807473, 0.0011661813138792343, 0.0019504267942325871,
  0.0020975880696447826, 0.0012137856557130318, 0.000291092985992399,
  0.000022031928194465735, 3.251175660083926e-7, 1.8091858620371885e-10,
  0., 0., 0., 0., 0., 0., 2.2954322159851077e-7, 9.082038693821928e-7,
  1.6545980321173198e-6, 1.8819950728401208e-6, 1.1357703116096913e-6,
  2.825892879012609e-7, 2.2093637901623032e-8, 3.351013614178863e-10,
  1.9100002133373992e-13, 0., 0., 0., 0., 0., 0., 0., 0., 0., 0., 0., 0.,
  0., 0., 0., 0., 0., 0., 0., 0., 0., 0., 0., 0., 0., 0., 0., 0., 0., 0., 0.,
  0., 0., 0., 0., 0., 0., 0., 0., 0., 0., 0., 0., 0., 0., 0., 0., 0., 0., 0.,
  0., 0., 0., 0., 0., 0., 0., 0., 0., 0., 0., 0., 0., 0., 0., 0., 0., 0., 0.,
  0., 0., 0., 0., 0., 0., 0., 0., 0., 0., 0., 0., 0., 0., 0., 0., 0., 0., 0.,
  0., 0., 0., 0., 0., 0., 0., 0., 0., 0., 0., 0., 0., 0., 0., 0., 0., 0., 0.,
  0., 0., 0., 0., 0., 0., 0., 0., 0., 0., 0., 0., 0., 0., 0., 0., 0., 0.,
  0.], [0.007307744033469073, 0.043281782911982335, 0.15806242245886415,
  0.4411495661410872, 0.6826427580269253, 0.43543143100308074,
  0.10152414686864386, 0.007216520437390364, 0.00009866797291346397,
  4.994697245616216e-8, 0., 0., 0., 0., 0., 0.01124319479416794,
  0.07192365072063953, 0.2577308950521784, 0.6745395210902804,
  0.9999999999999998, 0.6341713426492004, 0.14888924150809166,
  0.01070210480015097, 0.0001485570655143507, 7.697860391624846e-8, 0., 0.,
  0., 0., 0., 0.010926110787400824, 0.06953160367927509, 0.23596923984566964,
  0.5699465075956454, 0.7946801518807862, 0.49162763057213066,
  0.11479358598683592, 0.008286020956395, 0.00011644416649062722,
  6.181939359149802e-8, 0., 0., 0., 0., 0., 0.006269040779262033,
  0.039226659839499196, 0.12513912895548393, 0.2774599317540266,
  0.3604308654966737, 0.2152102317978736, 0.04964906144256012,
  0.0035896483101023288, 0.000051119976150029606, 2.793583073339858e-8, 0.,
  0., 0., 0., 0., 0.0011778651679512902, 0.007742652474554677,
  0.024201142970074703, 0.050882965373894244, 0.06270015113633645,
  0.03632443657214687, 0.008290763156804954, 0.0006008771006797698,
  8.678870822315659e-6, 4.884116184241963e-9, 0., 0., 0., 0., 0.,
  0.000031824016740216295, 0.00024354356225474622, 0.0008000774645095196,
  0.001692030050063572, 0.002063869691111276, 0.0011879563378173004,
  0.0002714922252893169, 0.000019831094194501673, 2.9062772364144164e-7,
  1.6748387094252353e-10, 0., 0., 0., 0., 0., 2.180168515957298e-8,
  2.0123820490626725e-7, 7.281853394240472e-7, 1.6245842331850824e-6,
  2.044562209947499e-6, 1.2037567348316417e-6, 2.8043526341813597e-7,
  2.0841548887789056e-8, 3.1059757921835275e-10, 1.8225641470033811e-13,
  0., 0., 0., 0., 0., 0., 0., 0., 0., 0., 0., 0., 0., 0., 0., 0., 0., 0., 0.,
  0., 0., 0., 0., 0., 0., 0., 0., 0., 0., 0., 0., 0., 0., 0., 0., 0., 0., 0.,
  0., 0., 0., 0., 0., 0., 0., 0., 0., 0., 0., 0., 0., 0., 0., 0., 0., 0., 0.,
  0., 0., 0., 0., 0., 0., 0., 0., 0., 0., 0., 0., 0., 0., 0., 0., 0., 0., 0.,
  0., 0., 0., 0., 0., 0., 0., 0., 0., 0., 0., 0., 0., 0., 0., 0., 0., 0., 0.,
  0., 0., 0., 0., 0., 0., 0., 0., 0., 0., 0., 0., 0., 0., 0., 0., 0., 0., 0.,
  0., 0., 0., 0., 0., 0., 0., 0., 0., 0., 0.],
 [0.00001962723921642794, 0.0010187823999036362, 0.013436973700648405,
  0.10540020713774598, 0.41695239859629835, 0.6703598166279524,
  0.4198008661154123, 0.09632491277161899, 0.0067825403662463875,
  0.00009264430888250227, 4.7827300666016665e-8, 0., 0., 0., 0.,
  0.000034831684076731065, 0.0019033582412058393, 0.023873061498877975,
  0.17078673259963392, 0.6341713426492004, 0.9999999999999998,
  0.6250308535691534, 0.14415793426230372, 0.010260409463881124,
  0.0001429680276658012, 7.697860392287103e-8, 0., 0., 0., 0.,
  0.00003649308022973219, 0.0019596054888565435, 0.022930428578043234,
  0.14925753243733325, 0.5155151828949562, 0.7868104897647373,
  0.48649429193893223, 0.1122584795670562, 0.008066652094335722,
  0.00011490767988602915, 6.482311817874125e-8, 0., 0., 0., 0.,
  0.000022318609263001265, 0.0011661813138792343, 0.012672362876079592,
  0.07483782271641232, 0.2385705913296936, 0.3490485782284752,
  0.2122267122887413, 0.048887361883280696, 0.0035510007791118496,
  0.000051964748273097014, 3.096817285241094e-8, 0., 0., 0., 0.,
  4.486361142638718e-6, 0.00024354356225474616, 0.0025610239469865516,
  0.014169448196899491, 0.042426690272050815, 0.05978878007373585,
  0.035778818061896055, 0.008231131792387731, 0.000604704458406948,
  9.092704814811646e-6, 5.7046138680687155e-9, 0., 0., 0., 0.,
