import numpy as np

def hi_kvadtar():
    hi = np.array([[9463.168580786432, 5561.847188398629, 2618.6456052995, 621.8234273963152,
  18.499193391713423, -0.26948563841560247, 0, 0, 0, 0, 0, 0, 0, 0, 0,
  5561.847188398629, 2579.141612529088, 931.2191344102207, 138.6487443686027,
  -5.6415277672036135, -0.1819335107036828, 0, 0, 0, 0, 0, 0, 0, 0, 0,
  2618.645605299501, 931.2191344102204, 233.5341788593093, 3.701391207316011,
  -6.098791455336267, -0.08126339039947207, 0, 0, 0, 0, 0, 0, 0, 0, 0,
  621.8234273963152, 138.6487443686027, 3.7013912073160173,
  -12.825034370247666, -2.2189760155556177, -0.01967879611740644, 0, 0, 0, 0,
  0, 0, 0, 0, 0, 18.49919339171343, -5.641527767203615, -6.098791455336262,
  -2.2189760155556186, -0.22092076422147855, -0.0014237538643800712, 0, 0, 0,
  0, 0, 0, 0, 0, 0, -0.26948563841560236, -0.1819335107036828,
  -0.08126339039947206, -0.019678796117406437, -0.0014237538643800706,
  -6.3784613095124475e-6, 0, 0, 0, 0, 0, 0, 0, 0, 0, 0, 0, 0, 0, 0, 0, 0, 0,
  0, 0, 0, 0, 0, 0, 0, 0, 0, 0, 0, 0, 0, 0, 0, 0, 0, 0, 0, 0, 0, 0, 0, 0, 0,
  0, 0, 0, 0, 0, 0, 0, 0, 0, 0, 0, 0, 0, 0, 0, 0, 0, 0, 0, 0, 0, 0, 0, 0, 0,
  0, 0, 0, 0, 0, 0, 0, 0, 0, 0, 0, 0, 0, 0, 0, 0, 0, 0, 0, 0, 0, 0, 0, 0, 0,
  0, 0, 0, 0, 0, 0, 0, 0, 0, 0, 0, 0, 0, 0, 0, 0, 0, 0, 0, 0, 0, 0, 0, 0, 0,
  0, 0, 0, 0, 0, 0, 0, 0, 0, 0, 0, 0, 0, 0, 0, 0, 0, 0, 0, 0, 0, 0, 0, 0, 0,
  0, 0], [5561.847188398629, 5207.620795388831, 3649.6065363473413,
  1481.029197253367, 163.85461450311905, 0.29576657150664004,
  -0.00839640669008944, 0, 0, 0, 0, 0, 0, 0, 0, 3093.1735698433895,
  2415.2290364938003, 1371.9181827124678, 413.2612990817808,
  19.97854810098587, -1.5844246674285953, -0.00637624894806515, 0, 0, 0, 0,
  0, 0, 0, 0, 1303.3972489037856, 779.8813298175238, 307.90686501091017,
  31.79737761109633, -14.093493853662139, -1.1817914936791614,
  -0.003013681433235469, 0, 0, 0, 0, 0, 0, 0, 0, 225.6331128371713,
  53.40362828106546, -29.021521728805507, -34.2638821197379,
  -8.990786554485293, -0.39677887325686867, -0.0007644422971053428, 0, 0, 0,
  0, 0, 0, 0, 0, -10.145940056607634, -19.48419343935559,
  -15.897943290903243, -7.109585647273151, -1.202483051359677,
  -0.03948852846724576, -0.00005915117580990581, 0, 0, 0, 0, 0, 0, 0, 0,
  -0.3416973103770015, -0.34233100872161126, -0.2165542409553022,
  -0.0797377081619608, -0.011262780410525629, -0.0003031885560328498,
  -3.2336675184991194e-7, 0, 0, 0, 0, 0, 0, 0, 0, 0, 0, 0, 0, 0, 0, 0, 0, 0,
  0, 0, 0, 0, 0, 0, 0, 0, 0, 0, 0, 0, 0, 0, 0, 0, 0, 0, 0, 0, 0, 0, 0, 0, 0,
  0, 0, 0, 0, 0, 0, 0, 0, 0, 0, 0, 0, 0, 0, 0, 0, 0, 0, 0, 0, 0, 0, 0, 0, 0,
  0, 0, 0, 0, 0, 0, 0, 0, 0, 0, 0, 0, 0, 0, 0, 0, 0, 0, 0, 0, 0, 0, 0, 0, 0,
  0, 0, 0, 0, 0, 0, 0, 0, 0, 0, 0, 0, 0, 0, 0, 0, 0, 0, 0, 0, 0, 0, 0, 0, 0,
  0, 0, 0, 0, 0, 0, 0, 0, 0, 0, 0, 0, 0, 0, 0, 0, 0, 0, 0, 0, 0, 0, 0, 0, 0,
  0], [2618.6456052995, 3649.6065363473413, 3683.500371580504,
  2435.7374332499353, 634.8671556689665, 36.07846971081214,
  -0.0271933900881847, -0.0013515176792720002, 0, 0, 0, 0, 0, 0, 0,
  1303.397248903786, 1601.1205027694325, 1356.3374591537229,
  710.8331204387667, 129.4800523670187, -0.28476761997552646,
  -0.3634160194355566, -0.00106077469393277, 0, 0, 0, 0, 0, 0, 0,
  435.183186527236, 409.93605775650025, 227.1968299588622, 35.49176737547995,
  -28.007488266748904, -7.205803024517123, -0.26014681572476483,
  -0.0005090106011911462, 0, 0, 0, 0, 0, 0, 0, 9.132056047413702,
  -43.99839820287747, -84.40686337507617, -75.51587338751654,
  -29.07220734779624, -3.4713047301071036, -0.08601038252395987,
  -0.00013064342222396006, 0, 0, 0, 0, 0, 0, 0, -18.282940852735365,
  -26.50010852717565, -25.27368330256748, -15.39861212186465,
  -4.474445128863151, -0.4268481737842744, -0.008559323847320999,
  -0.000010278206111375718, 0, 0, 0, 0, 0, 0, 0, -0.26676919873234206,
  -0.3785110649695477, -0.3330348831056363, -0.18480887651724934,
  -0.04850623593042486, -0.004119450491112913, -0.00006938306992110341,
  -5.90080334297761e-8, 0, 0, 0, 0, 0, 0, 0, 0, 0, 0, 0, 0, 0, 0, 0, 0, 0,
  0, 0, 0, 0, 0, 0, 0, 0, 0, 0, 0, 0, 0, 0, 0, 0, 0, 0, 0, 0, 0, 0, 0, 0, 0,
  0, 0, 0, 0, 0, 0, 0, 0, 0, 0, 0, 0, 0, 0, 0, 0, 0, 0, 0, 0, 0, 0, 0, 0, 0,
  0, 0, 0, 0, 0, 0, 0, 0, 0, 0, 0, 0, 0, 0, 0, 0, 0, 0, 0, 0, 0, 0, 0, 0, 0,
  0, 0, 0, 0, 0, 0, 0, 0, 0, 0, 0, 0, 0, 0, 0, 0, 0, 0, 0, 0, 0, 0, 0, 0, 0,
  0, 0, 0, 0, 0, 0, 0, 0, 0, 0, 0, 0, 0, 0, 0, 0, 0, 0, 0, 0, 0, 0, 0, 0, 0],
 [621.8234273963152, 1481.029197253367, 2435.7374332499353,
  2951.249274114338, 1791.0929296201668, 373.63823614920324,
  18.633377548267738, -0.024211595621744658, -0.0006897970306603343, 0, 0, 0,
  0, 0, 0, 225.63311283717118, 560.7671035725365, 826.4748461451242,
  850.1392958674761, 425.2353725342288, 61.04141594778328,
  -1.1378494611915453, -0.20054078517913718, -0.0005520646240985862, 0, 0, 0,
  0, 0, 0, 9.132056047413705, 56.04927184082649, 46.990443986848675,
  -7.667871617839132, -52.72313138101363, -30.238183466219038,
  -4.575376656110622, -0.14293037101602182, -0.00026861408037365226, 0, 0, 0,
  0, 0, 0, -47.66336861055412, -78.24847249925872, -113.7524778338898,
  -124.09528505516862, -78.39786755700854, -21.70279579398162,
  -2.0880328284978065, -0.0472159428517993, -0.00006996735836350795, 0, 0, 0,
  0, 0, 0, -11.076932943210593, -19.734023766015312, -25.64166529976547,
  -24.016017731716325, -12.935613259527722, -3.0688428934251646,
  -0.25098780612305877, -0.004712378972856858, -5.5979034802070624e-6, 0, 0,
  0, 0, 0, 0, -0.11372415923719834, -0.24535171450667045,
  -0.32533912081674965, -0.2958515432309626, -0.15081846497288734,
  -0.0332910879770287, -0.0024577810164786, -0.000038981128818875785,
  -3.298907679329092e-8, 0, 0, 0, 0, 0, 0, 0, 0, 0, 0, 0, 0, 0, 0, 0, 0, 0,
  0, 0, 0, 0, 0, 0, 0, 0, 0, 0, 0, 0, 0, 0, 0, 0, 0, 0, 0, 0, 0, 0, 0, 0, 0,
  0, 0, 0, 0, 0, 0, 0, 0, 0, 0, 0, 0, 0, 0, 0, 0, 0, 0, 0, 0, 0, 0, 0, 0, 0,
  0, 0, 0, 0, 0, 0, 0, 0, 0, 0, 0, 0, 0, 0, 0, 0, 0, 0, 0, 0, 0, 0, 0, 0, 0,
  0, 0, 0, 0, 0, 0, 0, 0, 0, 0, 0, 0, 0, 0, 0, 0, 0, 0, 0, 0, 0, 0, 0, 0, 0,
  0, 0, 0, 0, 0, 0, 0, 0, 0, 0, 0, 0, 0, 0, 0, 0, 0, 0, 0, 0, 0, 0, 0, 0],
 [18.499193391713423, 163.85461450311905, 634.8671556689665,
  1791.0929296201668, 2711.930972585712, 1621.341898231235,
  326.8608417124947, 15.941953127834742, -0.02411055739018257,
  -0.0005971144744365015, 0, 0, 0, 0, 0, -10.145940056607628,
  29.959211821359528, 166.3694265291409, 469.9352809628449,
  663.2570371318623, 349.5023264460486, 48.52558268437775,
  -1.2952786589894332, -0.17846997643643847, -0.0004891334085703414, 0, 0, 0,
  0, 0, -18.282940852735365, -30.185337267803515, -45.05622237554238,
  -64.0619107657564, -83.15608581850863, -74.55560143139365,
  -30.64110279097106, -4.207645330172848, -0.12811212107185221,
  -0.00024370581057775838, 0, 0, 0, 0, 0, -11.076932943210593,
  -27.578949010569282, -58.82221127086263, -105.30402545423004,
  -125.388550596731, -76.64083883043837, -20.190265682786865,
  -1.8930761217276912, -0.042761174816652835, -0.00006531123954533379, 0, 0,
  0, 0, 0, -1.6124710245429659, -4.880213075017946, -10.894123589805966,
  -18.913656035425593, -20.98900256425203, -11.7393880086391,
  -2.7701973673781883, -0.22639582090783622, -0.0043194390464752356,
  -5.380237723946994e-6, 0, 0, 0, 0, 0, -0.012675463918219188,
  -0.05338825227550072, -0.13154846220607674, -0.2323428194595123,
  -0.25199942375908946, -0.13519795405786178, -0.03002549141568521,
  -0.0022343033070566193, -0.000036314433680347796, -3.255746484037875e-8,
  0, 0, 0, 0, 0, 0, 0, 0, 0, 0, 0, 0, 0, 0, 0, 0, 0, 0, 0, 0, 0, 0, 0, 0, 0,
  0, 0, 0, 0, 0, 0, 0, 0, 0, 0, 0, 0, 0, 0, 0, 0, 0, 0, 0, 0, 0, 0, 0, 0, 0,
  0, 0, 0, 0, 0, 0, 0, 0, 0, 0, 0, 0, 0, 0, 0, 0, 0, 0, 0, 0, 0, 0, 0, 0, 0,
  0, 0, 0, 0, 0, 0, 0, 0, 0, 0, 0, 0, 0, 0, 0, 0, 0, 0, 0, 0, 0, 0, 0, 0, 0,
  0, 0, 0, 0, 0, 0, 0, 0, 0, 0, 0, 0, 0, 0, 0, 0, 0, 0, 0, 0, 0, 0, 0, 0, 0,
  0, 0, 0, 0, 0, 0, 0, 0, 0, 0, 0, 0, 0, 0, 0],
 [-0.26948563841560247, 0.29576657150664004, 36.07846971081214,
  373.63823614920324, 1621.341898231235, 2647.0690491363307,
  1583.243306721023, 317.4289318506494, 15.42444419916993,
  -0.02441709678181487, -0.0005971144744235228, 0, 0, 0, 0,
  -0.3416973103770014, -2.481254738031701, -0.3821154141024048,
  70.4476589121459, 364.9920198460272, 603.6410837195746, 328.01913110813547,
  45.358953640056846, -1.3804449767170917, -0.17879372317802672,
  -0.0005108114517665393, 0, 0, 0, 0, -0.2667691987323421,
  -2.7717668577350776, -12.694087153645249, -40.23396790421938,
  -81.64296220166094, -103.5754253076992, -82.0069701683987,
  -31.483630825007285, -4.241725648185229, -0.1310792337044054,
  -0.0002668728291296198, 0, 0, 0, 0, -0.11372415923719835,
  -1.4090157713132876, -8.130988920980455, -33.74766251449683,
  -88.7253128598307, -120.80625911362046, -76.07143859421689,
  -20.196845360580117, -1.9185717597458927, -0.04492726496610963,
  -0.00007560929982552915, 0, 0, 0, 0, -0.012675463918219195,
  -0.19548090255581552, -1.2676521695995826, -5.473141604530078,
  -14.31920880867965, -18.95370198623031, -11.29389654942721,
  -2.7471776027734394, -0.2314650226520976, -0.004662375146901291,
  -6.562586342216617e-6, 0, 0, 0, 0, -0.00007178339414333468,
  -0.0018167367779064049, -0.014122338104238123, -0.06483086910318188,
  -0.1709028227049096, -0.22302038186211903, -0.12900129610276725,
  -0.029826460106448564, -0.0023094163006018137, -0.000040059746444956834,
  -4.115567192096646e-8, 0, 0, 0, 0, 0, 0, 0, 0, 0, 0, 0, 0, 0, 0, 0, 0, 0,
  0, 0, 0, 0, 0, 0, 0, 0, 0, 0, 0, 0, 0, 0, 0, 0, 0, 0, 0, 0, 0, 0, 0, 0, 0,
  0, 0, 0, 0, 0, 0, 0, 0, 0, 0, 0, 0, 0, 0, 0, 0, 0, 0, 0, 0, 0, 0, 0, 0, 0,
  0, 0, 0, 0, 0, 0, 0, 0, 0, 0, 0, 0, 0, 0, 0, 0, 0, 0, 0, 0, 0, 0, 0, 0, 0,
  0, 0, 0, 0, 0, 0, 0, 0, 0, 0, 0, 0, 0, 0, 0, 0, 0, 0, 0, 0, 0, 0, 0, 0, 0,
  0, 0, 0, 0, 0, 0, 0, 0, 0, 0, 0, 0, 0, 0, 0, 0, 0, 0, 0, 0, 0, 0],
 [0, -0.00839640669008944, -0.0271933900881847, 18.633377548267738,
  326.8608417124947, 1583.243306721023, 2623.9353425931536,
  1571.7644848932543, 315.4082573100826, 15.42444419916958,
  -0.024110557390039904, -0.000689797030661843, 0, 0, 0, 0,
  -0.010163989600739722, -0.4963719226018001, -1.3366754242980976,
  51.582602062110425, 333.88611803365353, 581.3713566498521,
  321.29050102515185, 44.86488121839539, -1.4051357702157885,
  -0.18971324537061485, -0.0006485314980815305, 0, 0, 0, 0,
  -0.00734501792052085, -0.47623058446827754, -6.326211376069723,
  -34.86763946620329, -85.21782509759235, -110.43077411588936,
  -85.04239006350501, -32.20427862990549, -4.407803795905993,
  -0.1457835013072838, -0.0003714031824601346, 0, 0, 0, 0,
  -0.0028943366418772974, -0.21480210243801523, -3.46180304217046,
  -24.921050387570748, -81.1070580497366, -118.17443247387932,
  -76.3633863220729, -20.709550025793494, -2.045573397400209,
  -0.0527805532121456, -0.00011600067332738575, 0, 0, 0, 0,
  -0.0003203460974212847, -0.027809219824555823, -0.48970813842797434,
  -3.6966382039377073, -12.3556749813862, -17.99892141312434,
  -11.23110950002049, -2.8379711716259077, -0.2532258531793899,
  -0.005763994864342956, -0.000010922199507357024, 0, 0, 0, 0,
  -2.160149261033825e-6, -0.0002651734395716127, -0.005335882208967942,
  -0.04231344968750723, -0.14381469577956535, -0.20920758808730078,
  -0.12806593941044, -0.03105558464117517, -0.0025746098119419553,
  -0.000051176147000927685, -7.161981753908133e-8, 0, 0, 0, 0, 0, 0, 0, 0,
  0, 0, 0, 0, 0, 0, 0, 0, 0, 0, 0, 0, 0, 0, 0, 0, 0, 0, 0, 0, 0, 0, 0, 0, 0,
  0, 0, 0, 0, 0, 0, 0, 0, 0, 0, 0, 0, 0, 0, 0, 0, 0, 0, 0, 0, 0, 0, 0, 0, 0,
  0, 0, 0, 0, 0, 0, 0, 0, 0, 0, 0, 0, 0, 0, 0, 0, 0, 0, 0, 0, 0, 0, 0, 0, 0,
  0, 0, 0, 0, 0, 0, 0, 0, 0, 0, 0, 0, 0, 0, 0, 0, 0, 0, 0, 0, 0, 0, 0, 0, 0,
  0, 0, 0, 0, 0, 0, 0, 0, 0, 0, 0, 0, 0, 0, 0, 0, 0, 0, 0, 0, 0, 0, 0, 0, 0,
  0, 0, 0, 0, 0], [0, 0, -0.0013515176792720002, -0.024211595621744658,
  15.941953127834742, 317.4289318506494, 1571.7644848932543,
  2617.7060077507463, 1571.764484893253, 317.428931850648,
  15.941953127834832, -0.02421159562203294, -0.0013515176792970136, 0, 0, 0,
  0, -0.001456058622999552, -0.23675351515382936, -1.383720155513024,
  46.39965870834002, 322.88692237082137, 575.313187643343,
  322.88692237082114, 46.39965870833976, -1.3837201555130256,
  -0.23675351515391246, -0.0014560586230026465, 0, 0, 0, 0,
  -0.0009419661694678045, -0.19977957132416863, -4.840241035834438,
  -33.07304636497669, -85.96965153301652, -112.21795631267867,
  -85.96965153301646, -33.07304636497658, -4.840241035834462,
  -0.19977957132416038, -0.0009419661694616343, 0, 0, 0, 0,
  -0.00033229570113551805, -0.07972659661461358, -2.3798079606526503,
  -21.931588348270957, -77.77404818271165, -117.37862081931277,
  -77.77404818271158, -21.931588348270875, -2.3798079606526636,
  -0.07972659661459605, -0.0003322957011308276, 0, 0, 0, 0,
  -0.0000342725204443884, -0.009436355279193447, -0.3100587674527196,
  -3.084528465355071, -11.526621610640657, -17.7234718728384,
  -11.52662161064065, -3.0845284653550578, -0.3100587674527216,
  -0.00943635527919013, -0.00003427252044359473, 0, 0, 0, 0,
  -2.327959900989697e-7, -0.0000873585272404136, -0.0032502613372446735,
  -0.034324067730335577, -0.13219696468624073, -0.20519928100057813,
  -0.1321969646862407, -0.034324067730335445, -0.0032502613372446957,
  -0.0000873585272403701, -2.3279599008925184e-7, 0, 0, 0, 0, 0, 0, 0, 0, 0,
  0, 0, 0, 0, 0, 0, 0, 0, 0, 0, 0, 0, 0, 0, 0, 0, 0, 0, 0, 0, 0, 0, 0, 0, 0,
  0, 0, 0, 0, 0, 0, 0, 0, 0, 0, 0, 0, 0, 0, 0, 0, 0, 0, 0, 0, 0, 0, 0, 0, 0,
  0, 0, 0, 0, 0, 0, 0, 0, 0, 0, 0, 0, 0, 0, 0, 0, 0, 0, 0, 0, 0, 0, 0, 0, 0,
  0, 0, 0, 0, 0, 0, 0, 0, 0, 0, 0, 0, 0, 0, 0, 0, 0, 0, 0, 0, 0, 0, 0, 0, 0,
  0, 0, 0, 0, 0, 0, 0, 0, 0, 0, 0, 0, 0, 0, 0, 0, 0, 0, 0, 0, 0, 0, 0, 0, 0,
  0, 0, 0], [0, 0, 0, -0.0006897970306603343, -0.02411055739018257,
  15.42444419916993, 315.4082573100826, 1571.764484893253,
  2623.9353425931536, 1583.2433067210234, 326.86084171249547,
  18.633377548268275, -0.027193390088585765, -0.008396406690249528, 0, 0, 0,
  0, -0.0006485314980807678, -0.18971324537064804, -1.4051357702157377,
  44.86488121839539, 321.2905010251517, 581.3713566498523, 333.8861180336536,
  51.58260206211059, -1.3366754242979924, -0.49637192260184565,
  -0.01016398960077795, 0, 0, 0, 0, -0.0003714031824599185,
  -0.14578350130727669, -4.407803795906031, -32.20427862990549,
  -85.04239006350495, -110.43077411588936, -85.21782509759237,
  -34.86763946620338, -6.326211376069792, -0.47623058446818034,
  -0.007345017920488237, 0, 0, 0, 0, -0.00011600067332738167,
  -0.05278055321213758, -2.045573397400233, -20.7095500257935,
  -76.36338632207284, -118.1744324738793, -81.10705804973662,
  -24.921050387570816, -3.461803042170521, -0.21480210243794307,
  -0.002894336641843488, 0, 0, 0, 0, -0.000010922199507364142,
  -0.00576399486434164, -0.2532258531793934, -2.8379711716259077,
  -11.23110950002048, -17.998921413124346, -12.355674981386201,
  -3.6966382039377166, -0.48970813842798433, -0.027809219824543804,
  -0.0003203460974147266, 0, 0, 0, 0, -7.16198175392372e-8,
  -0.00005117614700091154, -0.0025746098119419935, -0.03105558464117516,
  -0.1280659394104399, -0.20920758808730083, -0.1438146957795654,
  -0.04231344968750735, -0.0053358822089680695, -0.0002651734395714701,
  -2.1601492609492332e-6, 0, 0, 0, 0, 0, 0, 0, 0, 0, 0, 0, 0, 0, 0, 0, 0, 0,
  0, 0, 0, 0, 0, 0, 0, 0, 0, 0, 0, 0, 0, 0, 0, 0, 0, 0, 0, 0, 0, 0, 0, 0, 0,
  0, 0, 0, 0, 0, 0, 0, 0, 0, 0, 0, 0, 0, 0, 0, 0, 0, 0, 0, 0, 0, 0, 0, 0, 0,
  0, 0, 0, 0, 0, 0, 0, 0, 0, 0, 0, 0, 0, 0, 0, 0, 0, 0, 0, 0, 0, 0, 0, 0, 0,
  0, 0, 0, 0, 0, 0, 0, 0, 0, 0, 0, 0, 0, 0, 0, 0, 0, 0, 0, 0, 0, 0, 0, 0, 0,
  0, 0, 0, 0, 0, 0, 0, 0, 0, 0, 0, 0, 0, 0, 0, 0, 0, 0, 0],
 [0, 0, 0, 0, -0.0005971144744365015, -0.02441709678181487,
  15.42444419916958, 317.428931850648, 1583.2433067210234, 2647.069049136331,
  1621.3418982312362, 373.6382361492069, 36.078469710813984,
  0.2957665714995018, -0.26948563841652273, 0, 0, 0, 0,
  -0.000510811451768176, -0.17879372317802672, -1.380444976717142,
  45.35895364005658, 328.0191311081356, 603.6410837195746, 364.9920198460275,
  70.44765891214692, -0.3821154141018793, -2.481254738034164,
  -0.3416973103762346, 0, 0, 0, 0, -0.0002668728291278589,
  -0.1310792337044055, -4.241725648185193, -31.483630825007197,
  -82.0069701683987, -103.5754253076992, -81.6429622016609,
  -40.23396790421951, -12.694087153645388, -2.7717668577344767,
  -0.2667691987309886, 0, 0, 0, 0, -0.00007560929982438633,
  -0.04492726496610963, -1.9185717597458707, -20.196845360580042,
  -76.07143859421689, -120.80625911362047, -88.72531285983071,
  -33.747662514497065, -8.13098892098065, -1.409015771312223,
  -0.11372415923634688, 0, 0, 0, 0, -6.562586342051006e-6,
  -0.004662375146901291, -0.23146502265209448, -2.7471776027734287,
  -11.293896549427217, -18.953701986230318, -14.319208808679653,
  -5.473141604530119, -1.2676521695996192, -0.19548090255558628,
  -0.012675463918087826, 0, 0, 0, 0, -4.115567191908273e-8,
  -0.000040059746444956834, -0.0023094163006017795, -0.029826460106448443,
  -0.12900129610276734, -0.22302038186211917, -0.17090282270490972,
  -0.06483086910318242, -0.014122338104238616, -0.0018167367779032598,
  -0.0000717833941421573, 0, 0, 0, 0, 0, 0, 0, 0, 0, 0, 0, 0, 0, 0, 0, 0, 0,
  0, 0, 0, 0, 0, 0, 0, 0, 0, 0, 0, 0, 0, 0, 0, 0, 0, 0, 0, 0, 0, 0, 0, 0, 0,
  0, 0, 0, 0, 0, 0, 0, 0, 0, 0, 0, 0, 0, 0, 0, 0, 0, 0, 0, 0, 0, 0, 0, 0, 0,
  0, 0, 0, 0, 0, 0, 0, 0, 0, 0, 0, 0, 0, 0, 0, 0, 0, 0, 0, 0, 0, 0, 0, 0, 0,
  0, 0, 0, 0, 0, 0, 0, 0, 0, 0, 0, 0, 0, 0, 0, 0, 0, 0, 0, 0, 0, 0, 0, 0, 0,
  0, 0, 0, 0, 0, 0, 0, 0, 0, 0, 0, 0, 0, 0, 0, 0, 0, 0],
 [0, 0, 0, 0, 0, -0.0005971144744235228, -0.024110557390039904,
  15.941953127834832, 326.86084171249547, 1621.3418982312362,
  2711.9309725857124, 1791.0929296201682, 634.8671556689708,
  163.85461450310166, 18.49919339153716, 0, 0, 0, 0, 0,
  -0.0004891334085687741, -0.17846997643640716, -1.2952786589894343,
  48.52558268437788, 349.50232644604876, 663.2570371318627,
  469.9352809628457, 166.36942652914217, 29.959211821354106,
  -10.145940056663957, 0, 0, 0, 0, 0, -0.00024370581057936647,
  -0.12811212107185843, -4.207645330172871, -30.641102790971136,
  -74.55560143139364, -83.15608581850849, -64.0619107657563,
  -45.05622237554253, -30.185337267800726, -18.282940852708382, 0, 0, 0, 0,
  0, -0.00006531123954632096, -0.04276117481665936, -1.8930761217277023,
  -20.19026568278692, -76.64083883043841, -125.38855059673097,
  -105.30402545423013, -58.82221127086298, -27.578949010565694,
  -11.076932943171794, 0, 0, 0, 0, 0, -5.380237724082766e-6,
  -0.004319439046476222, -0.22639582090783755, -2.7701973673781968,
  -11.739388008639104, -20.98900256425202, -18.913656035425596,
  -10.894123589806032, -4.880213075017199, -1.6124710245347842, 0, 0, 0, 0,
  0, -3.255746484186894e-8, -0.000036314433680359234,
  -0.0022343033070566344, -0.03002549141568531, -0.13519795405786184,
  -0.25199942375908946, -0.2323428194595124, -0.13154846220607772,
  -0.053388252275490544, -0.01267546391812082, 0, 0, 0, 0, 0, 0, 0, 0, 0, 0,
  0, 0, 0, 0, 0, 0, 0, 0, 0, 0, 0, 0, 0, 0, 0, 0, 0, 0, 0, 0, 0, 0, 0, 0, 0,
  0, 0, 0, 0, 0, 0, 0, 0, 0, 0, 0, 0, 0, 0, 0, 0, 0, 0, 0, 0, 0, 0, 0, 0, 0,
  0, 0, 0, 0, 0, 0, 0, 0, 0, 0, 0, 0, 0, 0, 0, 0, 0, 0, 0, 0, 0, 0, 0, 0, 0,
  0, 0, 0, 0, 0, 0, 0, 0, 0, 0, 0, 0, 0, 0, 0, 0, 0, 0, 0, 0, 0, 0, 0, 0, 0,
  0, 0, 0, 0, 0, 0, 0, 0, 0, 0, 0, 0, 0, 0, 0, 0, 0, 0, 0, 0, 0, 0, 0, 0, 0],
 [0, 0, 0, 0, 0, 0, -0.000689797030661843, -0.02421159562203294,
  18.633377548268275, 373.6382361492069, 1791.0929296201682,
  2951.2492741143383, 2435.737433249938, 1481.029197253373,
  621.8234273953084, 0, 0, 0, 0, 0, 0, -0.0005520646240992351,
  -0.20054078517920765, -1.1378494611914556, 61.04141594778413,
  425.2353725342293, 850.1392958674767, 826.4748461451248, 560.7671035725382,
  225.63311283678874, 0, 0, 0, 0, 0, 0, -0.0002686140803738085,
  -0.1429303710160159, -4.575376656110673, -30.23818346621913,
  -52.72313138101354, -7.667871617839019, 46.99044398684859,
  56.049271840827494, 9.132056047498184, 0, 0, 0, 0, 0, 0,
  -0.00006996735836351043, -0.0472159428517889, -2.088032828497841,
  -21.702795793981757, -78.39786755700855, -124.09528505516867,
  -113.75247783388994, -78.24847249925787, -47.66336861037088, 0, 0, 0, 0, 0,
  0, -5.597903480203413e-6, -0.0047123789728552015, -0.2509878061230639,
  -3.068842893425188, -12.935613259527727, -24.016017731716317,
  -25.641665299765492, -19.734023766015106, -11.076932943169464, 0, 0, 0, 0,
  0, 0, -3.2989076793219114e-8, -0.00003898112881885638,
  -0.002457781016478658, -0.033291087977028976, -0.15081846497288742,
  -0.2958515432309625, -0.3253391208167501, -0.24535171450666732,
  -0.11372415923668396, 0, 0, 0, 0, 0, 0, 0, 0, 0, 0, 0, 0, 0, 0, 0, 0, 0, 0,
  0, 0, 0, 0, 0, 0, 0, 0, 0, 0, 0, 0, 0, 0, 0, 0, 0, 0, 0, 0, 0, 0, 0, 0, 0,
  0, 0, 0, 0, 0, 0, 0, 0, 0, 0, 0, 0, 0, 0, 0, 0, 0, 0, 0, 0, 0, 0, 0, 0, 0,
  0, 0, 0, 0, 0, 0, 0, 0, 0, 0, 0, 0, 0, 0, 0, 0, 0, 0, 0, 0, 0, 0, 0, 0, 0,
  0, 0, 0, 0, 0, 0, 0, 0, 0, 0, 0, 0, 0, 0, 0, 0, 0, 0, 0, 0, 0, 0, 0, 0, 0,
  0, 0, 0, 0, 0, 0, 0, 0, 0, 0, 0, 0, 0, 0, 0, 0, 0],
 [0, 0, 0, 0, 0, 0, 0, -0.0013515176792970136, -0.027193390088585765,
  36.078469710813984, 634.8671556689708, 2435.737433249938,
  3683.5003715805046, 3649.6065363473513, 2618.6456052980466, 0, 0, 0, 0, 0,
  0, 0, -0.0010607746939350251, -0.3634160194355902, -0.2847676199751342,
  129.48005236701977, 710.8331204387675, 1356.3374591537226,
  1601.1205027694302, 1303.397248903173, 0, 0, 0, 0, 0, 0, 0,
  -0.0005090106011878123, -0.26014681572471193, -7.205803024517202,
  -28.007488266749004, 35.49176737547994, 227.1968299588622,
  409.9360577564961, 435.18318652728937, 0, 0, 0, 0, 0, 0, 0,
  -0.00013064342222211597, -0.086010382523931, -3.471304730107189,
  -29.072207347796418, -75.5158733875167, -84.40686337507616,
  -43.99839820287929, 9.132056047639024, 0, 0, 0, 0, 0, 0, 0,
  -0.000010278206111137706, -0.00855932384731731, -0.4268481737842872,
  -4.474445128863181, -15.39861212186467, -25.273683302567477,
  -26.5001085271758, -18.28294085268242, 0, 0, 0, 0, 0, 0, 0,
  -5.90080334273129e-8, -0.00006938306992106615, -0.0041194504911130575,
  -0.04850623593042524, -0.18480887651724962, -0.3330348831056364,
  -0.37851106496954845, -0.2667691987316653, 0, 0, 0, 0, 0, 0, 0, 0, 0, 0, 0,
  0, 0, 0, 0, 0, 0, 0, 0, 0, 0, 0, 0, 0, 0, 0, 0, 0, 0, 0, 0, 0, 0, 0, 0, 0,
  0, 0, 0, 0, 0, 0, 0, 0, 0, 0, 0, 0, 0, 0, 0, 0, 0, 0, 0, 0, 0, 0, 0, 0, 0,
  0, 0, 0, 0, 0, 0, 0, 0, 0, 0, 0, 0, 0, 0, 0, 0, 0, 0, 0, 0, 0, 0, 0, 0, 0,
  0, 0, 0, 0, 0, 0, 0, 0, 0, 0, 0, 0, 0, 0, 0, 0, 0, 0, 0, 0, 0, 0, 0, 0, 0,
  0, 0, 0, 0, 0, 0, 0, 0, 0, 0, 0, 0, 0, 0, 0, 0, 0, 0, 0, 0, 0, 0, 0, 0],
 [0, 0, 0, 0, 0, 0, 0, 0, -0.008396406690249528, 0.2957665714995018,
  163.85461450310166, 1481.029197253373, 3649.6065363473513,
  5207.620795388805, 5561.847188397524, 0, 0, 0, 0, 0, 0, 0, 0,
  -0.006376248948089152, -1.5844246674301716, 19.978548100982305,
  413.26129908178314, 1371.918182712469, 2415.2290364937785,
  3093.1735698428133, 0, 0, 0, 0, 0, 0, 0, 0, -0.003013681433222103,
  -1.181791493678911, -14.093493853660899, 31.797377611097044,
  307.90686501090823, 779.8813298175108, 1303.3972489036912, 0, 0, 0, 0, 0,
  0, 0, 0, -0.0007644422970964189, -0.39677887325657174, -8.990786554484188,
  -34.263882119737794, -29.021521728806945, 53.40362828106164,
  225.63311283726108, 0, 0, 0, 0, 0, 0, 0, 0, -0.00005915117580869546,
  -0.03948852846719984, -1.2024830513595044, -7.109585647273143,
  -15.89794329090348, -19.484193439355774, -10.145940056581415, 0, 0, 0, 0,
  0, 0, 0, 0, -3.233667518372525e-7, -0.0003031885560323284,
  -0.011262780410523608, -0.07973770816196064, -0.21655424095530493,
  -0.34233100872161076, -0.3416973103766438, 0, 0, 0, 0, 0, 0, 0, 0, 0, 0, 0,
  0, 0, 0, 0, 0, 0, 0, 0, 0, 0, 0, 0, 0, 0, 0, 0, 0, 0, 0, 0, 0, 0, 0, 0, 0,
  0, 0, 0, 0, 0, 0, 0, 0, 0, 0, 0, 0, 0, 0, 0, 0, 0, 0, 0, 0, 0, 0, 0, 0, 0,
  0, 0, 0, 0, 0, 0, 0, 0, 0, 0, 0, 0, 0, 0, 0, 0, 0, 0, 0, 0, 0, 0, 0, 0, 0,
  0, 0, 0, 0, 0, 0, 0, 0, 0, 0, 0, 0, 0, 0, 0, 0, 0, 0, 0, 0, 0, 0, 0, 0, 0,
  0, 0, 0, 0, 0, 0, 0, 0, 0, 0, 0, 0, 0, 0, 0, 0, 0, 0, 0, 0, 0, 0, 0, 0],
 [0, 0, 0, 0, 0, 0, 0, 0, 0, -0.26948563841652273, 18.49919339153716,
  621.8234273953084, 2618.6456052980466, 5561.847188397524,
  9463.168580784526, 0, 0, 0, 0, 0, 0, 0, 0, 0, -0.18193351070327596,
  -5.641527767234978, 138.64874436836882, 931.2191344097897,
  2579.141612528622, 5561.847188397175, 0, 0, 0, 0, 0, 0, 0, 0, 0,
  -0.08126339039905964, -6.098791455327253, 3.7013912073502433,
  233.53417885933737, 931.2191344101473, 2618.6456052986778, 0, 0, 0, 0, 0,
  0, 0, 0, 0, -0.019678796117258604, -2.2189760155477893,
  -12.825034370198033, 3.7013912074072444, 138.64874436865333,
  621.8234273960588, 0, 0, 0, 0, 0, 0, 0, 0, 0, -0.0014237538643652459,
  -0.2209207642203468, -2.2189760155472706, -6.0987914553183025,
  -5.6415277671887045, 18.499193391692728, 0, 0, 0, 0, 0, 0, 0, 0, 0,
  -6.378461309407439e-6, -0.0014237538643689345, -0.01967879611731623,
  -0.08126339039926093, -0.18193351070347924, -0.2694856384156676, 0, 0, 0,
  0, 0, 0, 0, 0, 0, 0, 0, 0, 0, 0, 0, 0, 0, 0, 0, 0, 0, 0, 0, 0, 0, 0, 0, 0,
  0, 0, 0, 0, 0, 0, 0, 0, 0, 0, 0, 0, 0, 0, 0, 0, 0, 0, 0, 0, 0, 0, 0, 0, 0,
  0, 0, 0, 0, 0, 0, 0, 0, 0, 0, 0, 0, 0, 0, 0, 0, 0, 0, 0, 0, 0, 0, 0, 0, 0,
  0, 0, 0, 0, 0, 0, 0, 0, 0, 0, 0, 0, 0, 0, 0, 0, 0, 0, 0, 0, 0, 0, 0, 0, 0,
  0, 0, 0, 0, 0, 0, 0, 0, 0, 0, 0, 0, 0, 0, 0, 0, 0, 0, 0, 0, 0, 0, 0, 0, 0,
  0, 0, 0, 0, 0, 0, 0], [5561.847188398629, 3093.1735698433895,
  1303.397248903786, 225.63311283717118, -10.145940056607628,
  -0.3416973103770014, 0, 0, 0, 0, 0, 0, 0, 0, 0, 5207.620795388829,
  2415.2290364938003, 779.8813298175239, 53.40362828106545,
  -19.484193439355586, -0.34233100872161126, 0, 0, 0, 0, 0, 0, 0, 0, 0,
  3649.606536347341, 1371.9181827124676, 307.90686501091017,
  -29.021521728805496, -15.89794329090325, -0.21655424095530226, 0, 0, 0, 0,
  0, 0, 0, 0, 0, 1481.0291972533666, 413.2612990817811, 31.79737761109633,
  -34.2638821197379, -7.10958564727315, -0.07973770816196078, 0, 0, 0, 0, 0,
  0, 0, 0, 0, 163.85461450311905, 19.97854810098587, -14.093493853662135,
  -8.990786554485293, -1.2024830513596765, -0.01126278041052563, 0, 0, 0, 0,
  0, 0, 0, 0, 0, 0.29576657150663976, -1.5844246674285953,
  -1.1817914936791611, -0.3967788732568686, -0.03948852846724576,
  -0.00030318855603284983, 0, 0, 0, 0, 0, 0, 0, 0, 0, -0.008396406690089443,
  -0.0063762489480651535, -0.003013681433235469, -0.0007644422971053428,
  -0.00005915117580990579, -3.23366751849912e-7, 0, 0, 0, 0, 0, 0, 0, 0, 0,
  0, 0, 0, 0, 0, 0, 0, 0, 0, 0, 0, 0, 0, 0, 0, 0, 0, 0, 0, 0, 0, 0, 0, 0, 0,
  0, 0, 0, 0, 0, 0, 0, 0, 0, 0, 0, 0, 0, 0, 0, 0, 0, 0, 0, 0, 0, 0, 0, 0, 0,
  0, 0, 0, 0, 0, 0, 0, 0, 0, 0, 0, 0, 0, 0, 0, 0, 0, 0, 0, 0, 0, 0, 0, 0, 0,
  0, 0, 0, 0, 0, 0, 0, 0, 0, 0, 0, 0, 0, 0, 0, 0, 0, 0, 0, 0, 0, 0, 0, 0, 0,
  0, 0, 0, 0, 0, 0, 0, 0, 0, 0, 0, 0, 0, 0, 0, 0, 0, 0, 0, 0],
 [2579.141612529088, 2415.2290364938003, 1601.1205027694325,
  560.7671035725365, 29.959211821359528, -2.481254738031701,
  -0.010163989600739722, 0, 0, 0, 0, 0, 0, 0, 0, 2415.2290364938003,
  2218.824008858821, 1336.2868459700073, 394.20020762763494,
  3.0048004930691206, -3.4607609642055355, -0.013490091554174796, 0, 0, 0, 0,
  0, 0, 0, 0, 1601.1205027694325, 1336.286845970007, 672.7920473937642,
  129.487709071231, -20.585981622068836, -2.927489278642822,
  -0.010038006791187418, 0, 0, 0, 0, 0, 0, 0, 0, 560.7671035725363,
  394.2002076276351, 129.48770907123102, -16.52409430077462,
  -18.602341707888588, -1.4185633366710566, -0.004254533680369546, 0, 0, 0,
  0, 0, 0, 0, 0, 29.95921182135956, 3.0048004930691263, -20.585981622068843,
  -18.602341707888584, -5.116058233034597, -0.2740054862984812,
  -0.0007056800072564877, 0, 0, 0, 0, 0, 0, 0, 0, -2.481254738031701,
  -3.4607609642055355, -2.9274892786428213, -1.4185633366710566,
  -0.2740054862984812, -0.01138225981776931, -0.00002386837205936975, 0, 0,
  0, 0, 0, 0, 0, 0, -0.010163989600739722, -0.013490091554174799,
  -0.01003800679118742, -0.004254533680369545, -0.0007056800072564877,
  -0.00002386837205936975, -3.409967787348645e-8, 0, 0, 0, 0, 0, 0, 0, 0, 0,
  0, 0, 0, 0, 0, 0, 0, 0, 0, 0, 0, 0, 0, 0, 0, 0, 0, 0, 0, 0, 0, 0, 0, 0, 0,
  0, 0, 0, 0, 0, 0, 0, 0, 0, 0, 0, 0, 0, 0, 0, 0, 0, 0, 0, 0, 0, 0, 0, 0, 0,
  0, 0, 0, 0, 0, 0, 0, 0, 0, 0, 0, 0, 0, 0, 0, 0, 0, 0, 0, 0, 0, 0, 0, 0, 0,
  0, 0, 0, 0, 0, 0, 0, 0, 0, 0, 0, 0, 0, 0, 0, 0, 0, 0, 0, 0, 0, 0, 0, 0, 0,
  0, 0, 0, 0, 0, 0, 0, 0, 0, 0, 0, 0, 0, 0, 0, 0, 0, 0, 0],
 [931.2191344102207, 1371.9181827124678, 1356.3374591537229,
  826.4748461451242, 166.3694265291409, -0.3821154141024048,
  -0.4963719226018001, -0.001456058622999552, 0, 0, 0, 0, 0, 0, 0,
  779.8813298175239, 1336.2868459700073, 1320.8239254457749,
  770.8573974163534, 143.38163069251684, -4.95118004232337,
  -0.7413428184286452, -0.0021068839193194113, 0, 0, 0, 0, 0, 0, 0,
  409.93605775650025, 767.5060206418007, 688.317646457553, 327.6048297703536,
  26.41540726837554, -10.58535410918079, -0.6603252181959646,
  -0.0016538153127665313, 0, 0, 0, 0, 0, 0, 0, 56.049271840826506,
  168.20907622661463, 111.72325433724214, 6.739974339428094,
  -29.979966216556758, -8.102195861338782, -0.3357095750248823,
  -0.0007348672858671025, 0, 0, 0, 0, 0, 0, 0, -30.185337267803533,
  -29.402379786581193, -37.72019775510614, -33.96677039079702,
  -14.94630545188856, -2.204946773036711, -0.06888872944211188,
  -0.00012864074532195467, 0, 0, 0, 0, 0, 0, 0, -2.771766857735077,
  -4.384412354944869, -4.696485700891895, -3.245613552754516,
  -1.0992455137721704, -0.12714955972183417, -0.0031519154019020324,
  -4.700288104017628e-6, 0, 0, 0, 0, 0, 0, 0, -0.00734501792052085,
  -0.015347726637184554, -0.017094585892826027, -0.011546938081955041,
  -0.0036714133288184665, -0.0003797672022587349, -7.658955330943378e-6,
  -7.531593990863256e-9, 0, 0, 0, 0, 0, 0, 0, 0, 0, 0, 0, 0, 0, 0, 0, 0, 0,
  0, 0, 0, 0, 0, 0, 0, 0, 0, 0, 0, 0, 0, 0, 0, 0, 0, 0, 0, 0, 0, 0, 0, 0, 0,
  0, 0, 0, 0, 0, 0, 0, 0, 0, 0, 0, 0, 0, 0, 0, 0, 0, 0, 0, 0, 0, 0, 0, 0, 0,
  0, 0, 0, 0, 0, 0, 0, 0, 0, 0, 0, 0, 0, 0, 0, 0, 0, 0, 0, 0, 0, 0, 0, 0, 0,
  0, 0, 0, 0, 0, 0, 0, 0, 0, 0, 0, 0, 0, 0, 0, 0, 0, 0, 0, 0, 0, 0, 0, 0, 0,
  0, 0, 0, 0, 0, 0, 0, 0, 0, 0], [138.6487443686027, 413.2612990817808,
  710.8331204387667, 850.1392958674761, 469.9352809628449, 70.4476589121459,
  -1.3366754242980976, -0.23675351515382936, -0.0006485314980807678, 0, 0, 0,
  0, 0, 0, 53.40362828106545, 394.20020762763494, 770.8573974163534,
  941.4784698747251, 521.5466065321122, 73.27918224375816,
  -3.542192564759549, -0.3665999282108578, -0.0009776043687943637, 0, 0, 0,
  0, 0, 0, -43.99839820287743, 168.20907622661457, 373.0527387063759,
  425.7586122234167, 193.62406148815742, 4.744337156014646,
  -6.4900079431221425, -0.335455574876694, -0.0007904694119765887, 0, 0, 0,
  0, 0, 0, -78.24847249925872, -27.809883777200955, 8.732103480553615,
  4.097940446937186, -31.292577762939317, -26.255515558438105,
  -4.895638252971329, -0.1748276629392538, -0.0003617258509676244, 0, 0, 0,
  0, 0, 0, -27.57894901056927, -38.05232367041351, -48.647095732483926,
  -51.97035731627088, -35.64883874887407, -11.590407714334333,
  -1.3503868980713718, -0.03693571481530621, -0.00006540318606816897, 0, 0,
  0, 0, 0, 0, -1.4090157713132871, -3.2167424282659516, -4.914148596429333,
  -5.260270804897322, -3.2142522813432897, -0.8686707474330165,
  -0.08127770820933873, -0.0017637865560701726, -2.4849618948676353e-6, 0,
  0, 0, 0, 0, 0, -0.002894336641877297, -0.010105489444830053,
  -0.017938067490527242, -0.02033438046619291, -0.012411769932468312,
  -0.0031794269424568126, -0.00026393062539787097, -4.582553686439301e-6,
  -4.198408330823801e-9, 0, 0, 0, 0, 0, 0, 0, 0, 0, 0, 0, 0, 0, 0, 0, 0, 0,
  0, 0, 0, 0, 0, 0, 0, 0, 0, 0, 0, 0, 0, 0, 0, 0, 0, 0, 0, 0, 0, 0, 0, 0, 0,
  0, 0, 0, 0, 0, 0, 0, 0, 0, 0, 0, 0, 0, 0, 0, 0, 0, 0, 0, 0, 0, 0, 0, 0, 0,
  0, 0, 0, 0, 0, 0, 0, 0, 0, 0, 0, 0, 0, 0, 0, 0, 0, 0, 0, 0, 0, 0, 0, 0, 0,
  0, 0, 0, 0, 0, 0, 0, 0, 0, 0, 0, 0, 0, 0, 0, 0, 0, 0, 0, 0, 0, 0, 0, 0, 0,
  0, 0, 0, 0, 0, 0, 0, 0, 0], [-5.6415277672036135, 19.97854810098587,
  129.4800523670187, 425.2353725342288, 663.2570371318623, 364.9920198460272,
  51.582602062110425, -1.383720155513024, -0.18971324537064804,
  -0.000510811451768176, 0, 0, 0, 0, 0, -19.484193439355586,
  3.0048004930691206, 143.38163069251684, 521.5466065321122,
  819.7976575006998, 449.931571589583, 58.629891907001095,
  -3.175952162066811, -0.30037174145444184, -0.0007946631596629238, 0, 0, 0,
  0, 0, -26.500108527175648, -29.402379786581193, 33.07251877033819,
  212.8871017545332, 339.2593895693781, 157.27459355319658,
  0.6978225889883158, -5.66196629412301, -0.28037128984280213,
  -0.0006620056312790164, 0, 0, 0, 0, 0, -19.734023766015316,
  -38.052323670413514, -47.20889390523723, -38.0341220252602,
  -29.818553875672677, -40.93797408639229, -25.059625376767848,
  -4.28855164547523, -0.14924764445704483, -0.0003134620421341407, 0, 0, 0,
  0, 0, -4.880213075017947, -13.846143856747315, -28.321503930136686,
  -47.165580421184885, -54.82299527679169, -35.75729344260014,
  -10.786957692015683, -1.1973537898774382, -0.032273557762211476,
  -0.00005870990367764752, 0, 0, 0, 0, 0, -0.19548090255581546,
  -0.8661495534038918, -2.3201296244889944, -4.4807016979644185,
  -5.355227149791027, -3.214622453217235, -0.8210650492730616,
  -0.07371627565241237, -0.0015822180718251006, -2.302362462711216e-6, 0, 0,
  0, 0, 0, -0.0003203460974212847, -0.0023975348132705804,
  -0.008158190057992619, -0.017753559440756066, -0.022206170117639416,
  -0.013197165832858182, -0.003161987894974706, -0.00024934607147550407,
  -4.2514545695445496e-6, -4.00766768038495e-9, 0, 0, 0, 0, 0, 0, 0, 0, 0,
  0, 0, 0, 0, 0, 0, 0, 0, 0, 0, 0, 0, 0, 0, 0, 0, 0, 0, 0, 0, 0, 0, 0, 0, 0,
  0, 0, 0, 0, 0, 0, 0, 0, 0, 0, 0, 0, 0, 0, 0, 0, 0, 0, 0, 0, 0, 0, 0, 0, 0,
  0, 0, 0, 0, 0, 0, 0, 0, 0, 0, 0, 0, 0, 0, 0, 0, 0, 0, 0, 0, 0, 0, 0, 0, 0,
  0, 0, 0, 0, 0, 0, 0, 0, 0, 0, 0, 0, 0, 0, 0, 0, 0, 0, 0, 0, 0, 0, 0, 0, 0,
  0, 0, 0, 0, 0, 0, 0, 0, 0, 0, 0, 0, 0, 0, 0, 0],
 [-0.1819335107036828, -1.5844246674285953, -0.28476761997552646,
  61.04141594778328, 349.5023264460486, 603.6410837195746,
  333.88611803365353, 46.39965870834002, -1.4051357702157377,
  -0.17879372317802672, -0.0004891334085687741, 0, 0, 0, 0,
  -0.34233100872161126, -3.4607609642055355, -4.95118004232337,
  73.27918224375816, 449.931571589583, 785.4173934211238, 430.826346283454,
  54.98613515037392, -3.1196429941873025, -0.28956209122729554,
  -0.0007946631596610799, 0, 0, 0, 0, -0.37851106496954773,
  -4.384412354944868, -13.896983087307024, 5.469791169259701,
  164.91636315467525, 312.7443693494002, 147.11484211993107,
  -0.5363551930657038, -5.564487140264892, -0.2770284774350868,
  -0.0006941716308528768, 0, 0, 0, 0, -0.24535171450667045,
  -3.2167424282659516, -14.143256420403667, -35.37582670130427,
  -45.381655900092674, -39.60722600823717, -44.39562026246021,
  -25.263935083849177, -4.268354727948903, -0.1518970870280023,
  -0.00034748731102128593, 0, 0, 0, 0, -0.05338825227550073,
  -0.8661495534038914, -4.880011383313997, -17.910956374233606,
  -41.76427102572859, -54.40438010431983, -36.04132964812599,
  -10.83245729813719, -1.2105437203951825, -0.03385293753136301,
  -0.00006857276077252815, 0, 0, 0, 0, -0.0018167367779064049,
  -0.043551983607542685, -0.3248465257013849, -1.465774242933664,
  -3.8911304597685428, -5.251885338150074, -3.2426169244988663,
  -0.8328919598728766, -0.07580730413433133, -0.0017010894060320633,
  -2.7868879903119667e-6, 0, 0, 0, 0, -2.1601492610338243e-6,
  -0.00010002584950261561, -0.0010409031781043391, -0.005609613154498032,
  -0.01627844868957799, -0.022650289561870807, -0.01372681554445899,
  -0.00328776229972735, -0.00026182097726113493, -4.659093941761028e-6,
  -4.943380535573971e-9, 0, 0, 0, 0, 0, 0, 0, 0, 0, 0, 0, 0, 0, 0, 0, 0, 0,
  0, 0, 0, 0, 0, 0, 0, 0, 0, 0, 0, 0, 0, 0, 0, 0, 0, 0, 0, 0, 0, 0, 0, 0, 0,
  0, 0, 0, 0, 0, 0, 0, 0, 0, 0, 0, 0, 0, 0, 0, 0, 0, 0, 0, 0, 0, 0, 0, 0, 0,
  0, 0, 0, 0, 0, 0, 0, 0, 0, 0, 0, 0, 0, 0, 0, 0, 0, 0, 0, 0, 0, 0, 0, 0, 0,
  0, 0, 0, 0, 0, 0, 0, 0, 0, 0, 0, 0, 0, 0, 0, 0, 0, 0, 0, 0, 0, 0, 0, 0, 0,
  0, 0, 0, 0, 0, 0, 0], [0, -0.00637624894806515, -0.3634160194355566,
  -1.1378494611915453, 48.52558268437775, 328.01913110813547,
  581.3713566498521, 322.88692237082137, 44.86488121839539,
  -1.380444976717142, -0.17846997643640716, -0.0005520646240992351, 0, 0, 0,
  0, -0.013490091554174796, -0.7413428184286452, -3.542192564759549,
  58.629891907001095, 430.826346283454, 773.317020754937, 424.9137183990818,
  54.15658876106748, -3.1196429941873647, -0.3003717414543973,
  -0.0009776043687955301, 0, 0, 0, 0, -0.01534772663718455,
  -0.8850208698503161, -7.638725784045601, 0.7470173548534138,
  150.18860396644845, 303.0420361874036, 144.14564398084548,
  -0.8642361609502478, -5.680749429104786, -0.3001367720394946,
  -0.0009303808457075762, 0, 0, 0, 0, -0.01010548944483005,
  -0.6138301787381026, -6.909286432263007, -29.098218226234536,
  -46.50267743710132, -42.975309394976776, -45.91651730242036,
  -25.816212662529452, -4.470934788780751, -0.17330029730567192,
  -0.0005105090256156494, 0, 0, 0, 0, -0.00239753481327058,
  -0.16386808598335897, -2.242857903381537, -13.541373703504934,
  -38.736848586272586, -53.86291314477736, -36.47062662750179,
  -11.169523212061561, -1.3010798786234303, -0.04051451010355598,
  -0.00010862816648240492, 0, 0, 0, 0, -0.00010002584950261558,
  -0.008819580371010133, -0.15020809648086134, -1.0885124180275003,
  -3.551449547268062, -5.165019941404527, -3.289135448011336,
  -0.8677562580325352, -0.08302732706827148, -0.0020975975298599056,
  -4.5924202869241294e-6, 0, 0, 0, 0, -1.5815758369710944e-7,
  -0.00002323339688935127, -0.0005153759459928969, -0.0043166102671447285,
  -0.015192179856441886, -0.022651957519735227, -0.014112355550681846,
  -0.0034644789600149915, -0.0002897708768546912, -5.803903447691055e-6,
  -8.198209896609945e-9, 0, 0, 0, 0, 0, 0, 0, 0, 0, 0, 0, 0, 0, 0, 0, 0, 0,
  0, 0, 0, 0, 0, 0, 0, 0, 0, 0, 0, 0, 0, 0, 0, 0, 0, 0, 0, 0, 0, 0, 0, 0, 0,
  0, 0, 0, 0, 0, 0, 0, 0, 0, 0, 0, 0, 0, 0, 0, 0, 0, 0, 0, 0, 0, 0, 0, 0, 0,
  0, 0, 0, 0, 0, 0, 0, 0, 0, 0, 0, 0, 0, 0, 0, 0, 0, 0, 0, 0, 0, 0, 0, 0, 0,
  0, 0, 0, 0, 0, 0, 0, 0, 0, 0, 0, 0, 0, 0, 0, 0, 0, 0, 0, 0, 0, 0, 0, 0, 0,
  0, 0, 0, 0, 0, 0], [0, 0, -0.00106077469393277, -0.20054078517913718,
  -1.2952786589894332, 45.358953640056846, 321.29050102515185,
  575.313187643343, 321.2905010251517, 45.35895364005658,
  -1.2952786589894343, -0.20054078517920765, -0.0010607746939350251, 0, 0, 0,
  0, -0.0021068839193194113, -0.3665999282108578, -3.175952162066811,
  54.98613515037392, 424.9137183990818, 770.0944990773493, 424.9137183990816,
  54.98613515037355, -3.1759521620668094, -0.3665999282109643,
  -0.0021068839193218417, 0, 0, 0, 0, -0.002229665821706325,
  -0.3971621424386508, -6.096914249431293, -0.550795165578359,
  144.99688161587005, 300.4274290737888, 144.99688161587,
  -0.5507951655784602, -6.096914249431306, -0.3971621424387069,
  -0.0022296658217024518, 0, 0, 0, 0, -0.0013617280353295427,
  -0.25005237622014803, -5.046606271154489, -26.81858028285228,
  -46.533518992510764, -43.85692383395055, -46.53351899251071,
  -26.81858028285221, -5.046606271154513, -0.25005237622014986,
  -0.001361728035322402, 0, 0, 0, 0, -0.0003125011063896996,
  -0.0626493915907189, -1.5350164952863787, -11.88987455092607,
  -37.24517598828065, -53.67353677688382, -37.245175988280614,
  -11.889874550926027, -1.535016495286388, -0.06264939159071094,
  -0.00031250110638653025, 0, 0, 0, 0, -0.000013509308612162629,
  -0.003348136809963158, -0.10038168513025059, -0.9369878261886347,
  -3.378446396469778, -5.135637497342829, -3.378446396469777,
