import numpy as np


def upsilon_kvadrat():
    upsilon = np.array([[6.267981196034596e8, 2.90082325992742e8, 1.2539324452756661e8,
  3.009647714321768e7, 1.51131962488839e6, 2081.158322882842, 0., 0., 0.,
  0., 0., 0., 0., 0., 0., 2.90082325992742e8, 1.075508061950368e8,
  3.827687167217162e7, 7.516587984551255e6, 322433.8751581979,
  1109.9468449408103, 0., 0., 0., 0., 0., 0., 0., 0., 0.,
  1.2539324452756661e8, 3.827687167217161e7, 1.1520565320457632e7,
  1.9185331162654369e6, 77267.56293430699, 542.5211212480333, 0., 0., 0.,
  0., 0., 0., 0., 0., 0., 3.0096477143217683e7, 7.516587984551258e6,
  1.9185331162654373e6, 280420.22837917245, 12837.535977489762,
  153.12213017472638, 0., 0., 0., 0., 0., 0., 0., 0., 0.,
  1.51131962488839e6, 322433.8751581979, 77267.56293430694,
  12837.535977489762, 1006.366553305791, 13.975011972101322, 0., 0., 0., 0.,
  0., 0., 0., 0., 0., 2081.1583228828417, 1109.9468449408105,
  542.5211212480333, 153.12213017472635, 13.975011972101324,
  0.10932136502286653, 0., 0., 0., 0., 0., 0., 0., 0., 0., 0., 0., 0., 0.,
  0., 0., 0., 0., 0., 0., 0., 0., 0., 0., 0., 0., 0., 0., 0., 0., 0., 0., 0.,
  0., 0., 0., 0., 0., 0., 0., 0., 0., 0., 0., 0., 0., 0., 0., 0., 0., 0., 0.,
  0., 0., 0., 0., 0., 0., 0., 0., 0., 0., 0., 0., 0., 0., 0., 0., 0., 0., 0.,
  0., 0., 0., 0., 0., 0., 0., 0., 0., 0., 0., 0., 0., 0., 0., 0., 0., 0., 0.,
  0., 0., 0., 0., 0., 0., 0., 0., 0., 0., 0., 0., 0., 0., 0., 0., 0., 0., 0.,
  0., 0., 0., 0., 0., 0., 0., 0., 0., 0., 0., 0., 0., 0., 0., 0., 0., 0., 0.,
  0., 0., 0., 0., 0., 0., 0., 0., 0., 0., 0., 0., 0., 0., 0., 0., 0.],
 [2.90082325992742e8, 1.7937562623757294e8, 1.0256393291991174e8,
  3.63399864169364e7, 3.9541294105810844e6, 55064.6288767471,
  58.41953549145145, 0., 0., 0., 0., 0., 0., 0., 0., 1.2616604705481288e8,
  6.2322740286882825e7, 2.917643279765769e7, 8.382598310245409e6,
  763123.2262935003, 11325.773340833142, 43.28454221760667, 0., 0., 0., 0.,
  0., 0., 0., 0., 5.1193619915656246e7, 2.009257462846562e7,
  7.610881866089679e6, 1.7370949723715317e6, 133345.9587534765,
  3439.3296615115487, 23.239909643702727, 0., 0., 0., 0., 0., 0., 0., 0.,
  1.1269368052779172e7, 3.313275509762295e6, 944066.2249812421,
  160504.0123502948, 14589.567392585068, 1060.4769860094023,
  6.863175761912471, 0., 0., 0., 0., 0., 0., 0., 0., 488728.7215861523,
  99536.8624817691, 23464.132772123583, 7392.342384816227,
  2166.7518098709957, 156.02953916321127, 0.6551005502162429, 0., 0., 0., 0.,
  0., 0., 0., 0., 1823.2682857925454, 1689.5507826292364, 1176.907737404594,
  491.9984997894127, 82.33172353378741, 2.919374756103638,
  0.00581189265705779, 0., 0., 0., 0., 0., 0., 0., 0., 0., 0., 0., 0., 0.,
  0., 0., 0., 0., 0., 0., 0., 0., 0., 0., 0., 0., 0., 0., 0., 0., 0., 0., 0.,
  0., 0., 0., 0., 0., 0., 0., 0., 0., 0., 0., 0., 0., 0., 0., 0., 0., 0., 0.,
  0., 0., 0., 0., 0., 0., 0., 0., 0., 0., 0., 0., 0., 0., 0., 0., 0., 0., 0.,
  0., 0., 0., 0., 0., 0., 0., 0., 0., 0., 0., 0., 0., 0., 0., 0., 0., 0., 0.,
  0., 0., 0., 0., 0., 0., 0., 0., 0., 0., 0., 0., 0., 0., 0., 0., 0., 0., 0.,
  0., 0., 0., 0., 0., 0., 0., 0., 0., 0., 0., 0., 0., 0., 0., 0., 0., 0., 0.,
  0., 0., 0., 0., 0., 0., 0., 0., 0., 0., 0., 0., 0., 0., 0., 0.],
 [1.2539324452756661e8, 1.0256393291991174e8, 7.995483840377484e7,
  4.4550939955455646e7, 1.0720514899002012e7, 708482.1338051381,
  8076.881261791025, 9.125478198472328, 0., 0., 0., 0., 0., 0., 0.,
  5.119361991565627e7, 3.3331822985794194e7, 2.1236092028880864e7,
  9.610744679990547e6, 1.9508647232161432e6, 117561.51163922582,
  1750.460390119552, 7.230686590567137, 0., 0., 0., 0., 0., 0., 0.,
  1.942059556783937e7, 9.570192452948986e6, 4.630282886276512e6,
  1.519590967489729e6, 226775.13977892505, 15604.859635355351,
  650.7374834419363, 3.9797551337880206, 0., 0., 0., 0., 0., 0., 0.,
  3.8900789345312174e6, 1.21941417675238e6, 300357.32447541086,
  5640.167765010821, -4679.548106285303, 2727.772330153995,
  237.80279726662923, 1.1939009237933167, 0., 0., 0., 0., 0., 0., 0.,
  149689.79219109804, 18796.69155319378, -1982.232423004942,
  2357.797321865546, 3836.7857069012844, 879.961347230625,
  36.521933191441754, 0.11597850709858057, 0., 0., 0., 0., 0., 0., 0.,
  1526.3253153369424, 1978.4214896214912, 1827.991641119537,
  1096.3780969123502, 320.07549436339, 31.743494121626753,
  0.6921063207224943, 0.0010730288233634763, 0., 0., 0., 0., 0., 0., 0., 0.,
  0., 0., 0., 0., 0., 0., 0., 0., 0., 0., 0., 0., 0., 0., 0., 0., 0., 0., 0.,
  0., 0., 0., 0., 0., 0., 0., 0., 0., 0., 0., 0., 0., 0., 0., 0., 0., 0., 0.,
  0., 0., 0., 0., 0., 0., 0., 0., 0., 0., 0., 0., 0., 0., 0., 0., 0., 0., 0.,
  0., 0., 0., 0., 0., 0., 0., 0., 0., 0., 0., 0., 0., 0., 0., 0., 0., 0., 0.,
  0., 0., 0., 0., 0., 0., 0., 0., 0., 0., 0., 0., 0., 0., 0., 0., 0., 0., 0.,
  0., 0., 0., 0., 0., 0., 0., 0., 0., 0., 0., 0., 0., 0., 0., 0., 0., 0., 0.,
  0., 0., 0., 0., 0., 0., 0., 0., 0., 0., 0., 0., 0., 0., 0., 0., 0., 0., 0.,
  0.], [3.009647714321768e7, 3.63399864169364e7, 4.4550939955455646e7,
  4.575768830753026e7, 2.584627665332301e7, 5.540291857307228e6,
  348441.8547946831, 3926.4222213777107, 4.604248536963076, 0., 0., 0., 0.,
  0., 0., 1.1269368052779172e7, 1.083410645137479e7, 1.0948068676264223e7,
  9.298216253792493e6, 4.554185550409802e6, 893799.523076558,
  54523.20370777691, 866.1770477139555, 3.7656194384348174, 0., 0., 0., 0.,
  0., 0., 3.8900789345312156e6, 2.6252019725076426e6,
  1.8435266625640674e6, 1.0373224688459166e6, 346831.43418876856,
  60456.278639648124, 6683.001525277232, 345.20761522164094,
  2.109206538078123, 0., 0., 0., 0., 0., 0., 688426.6093946389,
  196872.7189618401, -51738.207970506526, -145882.3128851627,
  -79547.1524582276, -7494.78161699473, 1662.9472290773333,
  132.41845681007203, 0.6431809755805021, 0., 0., 0., 0., 0., 0.,
  28821.706351454202, 3546.0514286945754, -1910.634962085463,
  2218.7084356598607, 6360.2330165243875, 3533.8593510687388,
  564.7091584995719, 20.608008871718635, 0.06357685190515268, 0., 0., 0., 0.,
  0., 0., 766.7554949770571, 1440.2225086394012, 1901.6275471835288,
  1780.8793154151974, 958.3229486678324, 230.30722001831987,
  19.4776104134514, 0.39400178727750323, 0.0006025058905268064, 0., 0., 0.,
  0., 0., 0., 0., 0., 0., 0., 0., 0., 0., 0., 0., 0., 0., 0., 0., 0., 0., 0.,
  0., 0., 0., 0., 0., 0., 0., 0., 0., 0., 0., 0., 0., 0., 0., 0., 0., 0., 0.,
  0., 0., 0., 0., 0., 0., 0., 0., 0., 0., 0., 0., 0., 0., 0., 0., 0., 0., 0.,
  0., 0., 0., 0., 0., 0., 0., 0., 0., 0., 0., 0., 0., 0., 0., 0., 0., 0., 0.,
  0., 0., 0., 0., 0., 0., 0., 0., 0., 0., 0., 0., 0., 0., 0., 0., 0., 0., 0.,
  0., 0., 0., 0., 0., 0., 0., 0., 0., 0., 0., 0., 0., 0., 0., 0., 0., 0., 0.,
  0., 0., 0., 0., 0., 0., 0., 0., 0., 0., 0., 0., 0., 0., 0., 0., 0., 0., 0.,
  0., 0., 0., 0., 0.], [1.51131962488839e6, 3.9541294105810844e6,
  1.0720514899002012e7, 2.584627665332301e7, 3.662464252509174e7,
  2.1729237109790873e7, 4.658348604031474e6, 292536.9757849111,
  3304.4029645725113, 3.968300809352365, 0., 0., 0., 0., 0.,
  488728.7215861525, 1.0454065741946339e6, 2.41514368505484e6,
  4.978187646714606e6, 6.306423714878072e6, 3.504804733982802e6,
  716049.3550828954, 44768.034057246354, 739.001661644522, 3.336192247978535,
  0., 0., 0., 0., 0., 149689.79219109804, 202147.20130441024,
  293316.6495362232, 382286.67191891884, 330169.22942235466,
  147193.35669205835, 35633.08745506721, 5345.523992650113,
  305.3497513988058, 1.916058707434066, 0., 0., 0., 0., 0.,
  28821.706351454202, 11001.366132893952, -36202.72739692979,
  -120203.44988780607, -158398.7343577845, -75860.25414674562,
  -6458.4695969731765, 1539.4553335242547, 120.56638375706342,
  0.6015155278495168, 0., 0., 0., 0., 0., 3705.0594750898217,
  5234.54784605581, 6601.3553082949875, 8001.151116540842, 9601.856479630074,
  8486.745190098969, 3564.134166827775, 526.4446970655056, 19.06598081483599,
  0.06123699979220008, 0., 0., 0., 0., 0., 110.9676720001527,
  372.6349365044881, 852.780697045115, 1468.6997545534452, 1601.900838405325,
  889.8613859855839, 212.1348677812615, 17.910285455184226,
  0.36897036894993696, 0.0005955101823822005, 0., 0., 0., 0., 0., 0., 0., 0.,
  0., 0., 0., 0., 0., 0., 0., 0., 0., 0., 0., 0., 0., 0., 0., 0., 0., 0., 0.,
  0., 0., 0., 0., 0., 0., 0., 0., 0., 0., 0., 0., 0., 0., 0., 0., 0., 0., 0.,
  0., 0., 0., 0., 0., 0., 0., 0., 0., 0., 0., 0., 0., 0., 0., 0., 0., 0., 0.,
  0., 0., 0., 0., 0., 0., 0., 0., 0., 0., 0., 0., 0., 0., 0., 0., 0., 0., 0.,
  0., 0., 0., 0., 0., 0., 0., 0., 0., 0., 0., 0., 0., 0., 0., 0., 0., 0., 0.,
  0., 0., 0., 0., 0., 0., 0., 0., 0., 0., 0., 0., 0., 0., 0., 0., 0., 0., 0.,
  0., 0., 0., 0., 0., 0., 0., 0., 0., 0., 0., 0., 0., 0., 0., 0., 0., 0.],
 [2081.158322882842, 55064.6288767471, 708482.1338051381,
  5.540291857307228e6, 2.1729237109790873e7, 3.424825955247e7,
  2.0678031277099926e7, 4.454927851926856e6, 281013.38007652893,
  3206.758304011405, 3.968300809520516, 0., 0., 0., 0., 1823.2682857925452,
  15766.6278945861, 151033.04129633046, 1.0162894937387377e6,
  3.6445795132725597e6, 5.500607592172623e6, 3.2166826225490565e6,
  672556.2839730135, 42893.120148945505, 730.6278683883397,
  3.481988449756241, 0., 0., 0., 0., 1526.3253153369424, 6281.645868808901,
  21955.355453954195, 69172.76998925745, 150588.03938039538,
  169878.81295970237, 92853.16285498138, 28598.014043441217,
  5097.467529334501, 310.547809241677, 2.096772537770405, 0., 0., 0., 0.,
  766.755494977057, 2995.5395456613896, 4218.605736129495,
  -15616.307794834212, -91233.0066590885, -144143.27381875692,
  -72504.72192509464, -6150.0515526291565, 1568.4703328424425,
  126.62804796818776, 0.6958928344022564, 0., 0., 0., 0., 110.96767200015273,
  684.2782204006351, 2377.2666443980897, 5902.813870798156,
  10030.783214831388, 11793.830977870235, 9264.458925396251,
  3684.717944623557, 544.299629082942, 20.611100921233223,
  0.07464937133159198, 0., 0., 0., 0., 1.1666221764775342,
  16.965352155828363, 107.3195766996477, 445.94010816703184,
  1122.8449557576218, 1452.9130065269512, 861.9984967791158,
  212.56104420929347, 18.58969934690627, 0.40748104224880644,
  0.0007524828215923213, 0., 0., 0., 0., 0., 0., 0., 0., 0., 0., 0., 0., 0.,
  0., 0., 0., 0., 0., 0., 0., 0., 0., 0., 0., 0., 0., 0., 0., 0., 0., 0., 0.,
  0., 0., 0., 0., 0., 0., 0., 0., 0., 0., 0., 0., 0., 0., 0., 0., 0., 0., 0.,
  0., 0., 0., 0., 0., 0., 0., 0., 0., 0., 0., 0., 0., 0., 0., 0., 0., 0., 0.,
  0., 0., 0., 0., 0., 0., 0., 0., 0., 0., 0., 0., 0., 0., 0., 0., 0., 0., 0.,
  0., 0., 0., 0., 0., 0., 0., 0., 0., 0., 0., 0., 0., 0., 0., 0., 0., 0., 0.,
  0., 0., 0., 0., 0., 0., 0., 0., 0., 0., 0., 0., 0., 0., 0., 0., 0., 0., 0.,
  0., 0., 0., 0., 0., 0., 0., 0., 0., 0., 0., 0.],
 [0., 58.41953549145145, 8076.881261791025, 348441.8547946831,
  4.658348604031474e6, 2.0678031277099926e7, 3.3402147664820116e7,
  2.033426105957101e7, 4.407773566515795e6, 281013.38007652387,
  3304.4029645742944, 4.604248536967841, 0., 0., 0., 0., 67.89833918348843,
  2307.1534214767753, 62988.71493717675, 756500.0310575735,
  3.2683817618060363e6, 5.212845939989954e6, 3.1245078563349694e6,
  665808.0768580678, 43571.51657010226, 781.1778136474488, 4.414285960449439,
  0., 0., 0., 0., 55.59207048315242, 1120.2183513865293, 8442.467804213882,
  37346.01036639374, 92649.75701787791, 117223.64544008313,
  74516.24332449783, 26879.19166225874, 5238.371492434524, 344.4361739336961,
  2.9092321702881008, 0., 0., 0., 0., 25.510601286360686, 565.2694991058913,
  2472.2977602699266, -9010.915572353251, -78486.77553002168,
  -136938.38936952286, -71674.0332699361, -6295.732579054464,
  1654.1473561719217, 147.82540884968202, 1.0637878730155925, 0., 0., 0., 0.,
  3.490116573335114, 115.44002970150993, 1072.5452482568053,
  4657.297431192714, 10028.259858084424, 12407.329752576035,
  9618.56118140631, 3842.066985851741, 593.8175015475563, 25.347201456598157,
  0.123779675788695, 0., 0., 0., 0., 0.03842403728547636, 2.6229067964134725,
  42.090194598508816, 298.3131197879486, 960.3077310521212,
  1376.9098665165773, 860.6461517328199, 221.80898546677946,
  20.713831578525745, 0.5193448092429365, 0.0013062053669616464, 0., 0., 0.,
  0., 0., 0., 0., 0., 0., 0., 0., 0., 0., 0., 0., 0., 0., 0., 0., 0., 0., 0.,
  0., 0., 0., 0., 0., 0., 0., 0., 0., 0., 0., 0., 0., 0., 0., 0., 0., 0., 0.,
  0., 0., 0., 0., 0., 0., 0., 0., 0., 0., 0., 0., 0., 0., 0., 0., 0., 0., 0.,
  0., 0., 0., 0., 0., 0., 0., 0., 0., 0., 0., 0., 0., 0., 0., 0., 0., 0., 0.,
  0., 0., 0., 0., 0., 0., 0., 0., 0., 0., 0., 0., 0., 0., 0., 0., 0., 0., 0.,
  0., 0., 0., 0., 0., 0., 0., 0., 0., 0., 0., 0., 0., 0., 0., 0., 0., 0., 0.,
  0., 0., 0., 0., 0., 0., 0., 0., 0., 0., 0., 0., 0., 0., 0., 0., 0., 0., 0.,
  0., 0.], [0., 0., 9.125478198472328, 3926.4222213777107, 292536.9757849111,
  4.454927851926856e6, 2.033426105957101e7, 3.3174505576690685e7,
  2.0334261059570987e7, 4.454927851926833e6, 292536.9757849125,
  3926.422221374046, 9.125478198108036, 0., 0., 0., 0., 9.873282034850261,
  1007.9699724104557, 47485.71084076343, 686336.6948164101,
  3.138440366015323e6, 5.13565802697972e6, 3.13844036601532e6,
  686336.6948164066, 47485.71084076365, 1007.9699724097758,
  9.873282034776436, 0., 0., 0., 0., 7.320384397569141, 471.4434834097009,
  5915.032469782626, 28952.727671576078, 74298.45358030478,
  103555.6503111104, 74298.45358030472, 28952.727671575885, 5915.03246978261,
  471.44348340968577, 7.32038439756004, 0., 0., 0., 0., 3.0186141816457432,
  219.6182890561874, 1858.9437135739233, -7014.625754396989,
  -73308.49146116672, -134846.00607642383, -73308.49146116662,
  -7014.625754396933, 1858.9437135739113, 219.61828905621917,
  3.018614181642901, 0., 0., 0., 0., 0.38466313832647697, 40.85420558187356,
  713.6913920081457, 4106.611365501118, 9844.097628039157,
  12548.296662604835, 9844.097628039153, 4106.611365501107,
  713.6913920081471, 40.854205581872904, 0.3846631383247099, 0., 0., 0., 0.,
  0.004218523139734073, 0.8801538770495794, 26.006481159312756,
  244.41942215414807, 888.2358495889202, 1354.3909449603502,
  888.2358495889197, 244.41942215414718, 26.006481159312884,
  0.8801538770493107, 0.00421852313965608, 0., 0., 0., 0., 0., 0., 0., 0.,
  0., 0., 0., 0., 0., 0., 0., 0., 0., 0., 0., 0., 0., 0., 0., 0., 0., 0., 0.,
  0., 0., 0., 0., 0., 0., 0., 0., 0., 0., 0., 0., 0., 0., 0., 0., 0., 0., 0.,
  0., 0., 0., 0., 0., 0., 0., 0., 0., 0., 0., 0., 0., 0., 0., 0., 0., 0., 0.,
  0., 0., 0., 0., 0., 0., 0., 0., 0., 0., 0., 0., 0., 0., 0., 0., 0., 0., 0.,
  0., 0., 0., 0., 0., 0., 0., 0., 0., 0., 0., 0., 0., 0., 0., 0., 0., 0., 0.,
  0., 0., 0., 0., 0., 0., 0., 0., 0., 0., 0., 0., 0., 0., 0., 0., 0., 0., 0.,
  0., 0., 0., 0., 0., 0., 0., 0., 0., 0., 0., 0., 0., 0., 0.],
 [0., 0., 0., 4.604248536963076, 3304.4029645725113, 281013.38007652893,
  4.407773566515795e6, 2.0334261059570987e7, 3.3402147664820105e7,
  2.0678031277099922e7, 4.658348604031485e6, 348441.8547946888,
  8076.881261783576, 58.41953548942132, 0., 0., 0., 0., 4.414285960447829,
  781.1778136471592, 43571.51657010304, 665808.0768580677,
  3.1245078563349666e6, 5.212845939989953e6, 3.2683817618060354e6,
  756500.0310575755, 62988.71493717768, 2307.153421475137, 67.89833918302381,
  0., 0., 0., 0., 2.909232170289193, 344.43617393368936, 5238.3714924345495,
  26879.191662258745, 74516.24332449783, 117223.64544008262,
  92649.75701787748, 37346.01036639371, 8442.46780421386, 1120.2183513864297,
  55.59207048305041, 0., 0., 0., 0., 1.0637878730166823, 147.8254088496899,
  1654.1473561719076, -6295.732579054463, -71674.03326993602,
  -136938.38936952283, -78486.77553002174, -9010.915572353313,
  2472.2977602699125, 565.2694991059626, 25.510601286303995, 0., 0., 0., 0.,
  0.12377967578890973, 25.34720145659697, 593.8175015475601,
  3842.0669858517404, 9618.561181406307, 12407.329752576044,
  10028.259858084428, 4657.297431192723, 1072.5452482568212,
  115.44002970150673, 3.490116573312897, 0., 0., 0., 0.,
  0.0013062053669654677, 0.5193448092428263, 20.713831578526005,
  221.80898546677946, 860.6461517328194, 1376.9098665165777,
  960.3077310521217, 298.31311978794946, 42.09019459850975,
  2.622906796412636, 0.038424037284686054, 0., 0., 0., 0., 0., 0., 0., 0.,
  0., 0., 0., 0., 0., 0., 0., 0., 0., 0., 0., 0., 0., 0., 0., 0., 0., 0., 0.,
  0., 0., 0., 0., 0., 0., 0., 0., 0., 0., 0., 0., 0., 0., 0., 0., 0., 0., 0.,
  0., 0., 0., 0., 0., 0., 0., 0., 0., 0., 0., 0., 0., 0., 0., 0., 0., 0., 0.,
  0., 0., 0., 0., 0., 0., 0., 0., 0., 0., 0., 0., 0., 0., 0., 0., 0., 0., 0.,
  0., 0., 0., 0., 0., 0., 0., 0., 0., 0., 0., 0., 0., 0., 0., 0., 0., 0., 0.,
  0., 0., 0., 0., 0., 0., 0., 0., 0., 0., 0., 0., 0., 0., 0., 0., 0., 0., 0.,
  0., 0., 0., 0., 0., 0., 0., 0., 0., 0., 0., 0., 0., 0.],
 [0., 0., 0., 0., 3.968300809352365, 3206.758304011405, 281013.38007652387,
  4.454927851926833e6, 2.0678031277099922e7, 3.424825955247e7,
  2.1729237109790865e7, 5.540291857307273e6, 708482.1338051701,
  55064.62887667477, 2081.158322942501, 0., 0., 0., 0., 3.4819884497300757,
  730.6278683883407, 42893.12014894474, 672556.2839730101,
  3.2166826225490556e6, 5.500607592172622e6, 3.6445795132725597e6,
  1.0162894937387466e6, 151033.04129633855, 15766.62789457188,
  1823.2682858309659, 0., 0., 0., 0., 2.0967725377673845, 310.54780924167767,
  5097.46752933448, 28598.01404344104, 92853.16285498101, 169878.81295970167,
  150588.03938039494, 69172.76998925781, 21955.355453955486,
  6281.645868811014, 1526.325315357107, 0., 0., 0., 0., 0.6958928344011414,
  126.62804796818796, 1568.4703328424564, -6150.051552629103,
  -72504.72192509467, -144143.27381875704, -91233.00665908857,
  -15616.307794834529, 4218.6057361294725, 2995.5395456632914,
  766.755494982211, 0., 0., 0., 0., 0.07464937133114753, 20.611100921233234,
  544.2996290829386, 3684.7179446235473, 9264.458925396257,
  11793.830977870237, 10030.783214831396, 5902.813870798173,
  2377.2666443981175, 684.278220400503, 110.967672000202, 0., 0., 0., 0.,
  0.0007524828215762938, 0.40748104224880644, 18.589699346906034,
  212.56104420929262, 861.9984967791165, 1452.9130065269521,
  1122.8449557576225, 445.9401081670353, 107.31957669965081,
  16.965352155807203, 1.1666221764674958, 0., 0., 0., 0., 0., 0., 0., 0., 0.,
  0., 0., 0., 0., 0., 0., 0., 0., 0., 0., 0., 0., 0., 0., 0., 0., 0., 0., 0.,
  0., 0., 0., 0., 0., 0., 0., 0., 0., 0., 0., 0., 0., 0., 0., 0., 0., 0., 0.,
  0., 0., 0., 0., 0., 0., 0., 0., 0., 0., 0., 0., 0., 0., 0., 0., 0., 0., 0.,
  0., 0., 0., 0., 0., 0., 0., 0., 0., 0., 0., 0., 0., 0., 0., 0., 0., 0., 0.,
  0., 0., 0., 0., 0., 0., 0., 0., 0., 0., 0., 0., 0., 0., 0., 0., 0., 0., 0.,
  0., 0., 0., 0., 0., 0., 0., 0., 0., 0., 0., 0., 0., 0., 0., 0., 0., 0., 0.,
  0., 0., 0., 0., 0., 0., 0., 0., 0., 0., 0., 0.],
 [0., 0., 0., 0., 0., 3.968300809520516, 3304.4029645742944,
  292536.9757849125, 4.658348604031485e6, 2.1729237109790865e7,
  3.662464252509172e7, 2.5846276653323017e7, 1.0720514899002075e7,
  3.954129410580851e6, 1.511319624884815e6, 0., 0., 0., 0., 0.,
  3.3361922480036657, 739.0016616447947, 44768.03405724656,
  716049.3550828971, 3.5048047339828014e6, 6.306423714878071e6,
  4.978187646714612e6, 2.4151436850548526e6, 1.0454065741945718e6,
  488728.7215850011, 0., 0., 0., 0., 0., 1.9160587074368767,
  305.3497513988119, 5345.523992650097, 35633.08745506716,
  147193.35669205792, 330169.229422354, 382286.6719189188, 293316.649536224,
  202147.20130440712, 149689.79219089128, 0., 0., 0., 0., 0.,
  0.6015155278504957, 120.56638375705715, 1539.455333524245,
  -6458.469596973229, -75860.25414674569, -158398.73435778447,
  -120203.44988780621, -36202.72739693027, 11001.366132897914,
  28821.706351485285, 0., 0., 0., 0., 0., 0.06123699979256589,
  19.065980814836884, 526.4446970655065, 3564.1341668277837,
  8486.745190098973, 9601.856479630082, 8001.151116540847, 6601.355308295007,
  5234.547846055433, 3705.0594750896253, 0., 0., 0., 0., 0.,
  0.0005955101823948883, 0.36897036895001495, 17.910285455184326,
  212.13486778126216, 889.8613859855843, 1601.9008384053252,
  1468.699754553446, 852.7806970451209, 372.6349365044239,
  110.96767199956867, 0., 0., 0., 0., 0., 0., 0., 0., 0., 0., 0., 0., 0., 0.,
  0., 0., 0., 0., 0., 0., 0., 0., 0., 0., 0., 0., 0., 0., 0., 0., 0., 0., 0.,
  0., 0., 0., 0., 0., 0., 0., 0., 0., 0., 0., 0., 0., 0., 0., 0., 0., 0., 0.,
  0., 0., 0., 0., 0., 0., 0., 0., 0., 0., 0., 0., 0., 0., 0., 0., 0., 0., 0.,
  0., 0., 0., 0., 0., 0., 0., 0., 0., 0., 0., 0., 0., 0., 0., 0., 0., 0., 0.,
  0., 0., 0., 0., 0., 0., 0., 0., 0., 0., 0., 0., 0., 0., 0., 0., 0., 0., 0.,
  0., 0., 0., 0., 0., 0., 0., 0., 0., 0., 0., 0., 0., 0., 0., 0., 0., 0., 0.,
  0., 0., 0., 0., 0., 0., 0.], [0., 0., 0., 0., 0., 0., 4.604248536967841,
  3926.422221374046, 348441.8547946888, 5.540291857307273e6,
  2.5846276653323017e7, 4.575768830753026e7, 4.45509399554556e7,
  3.633998641693626e7, 3.0096477143196207e7, 0., 0., 0., 0., 0., 0.,
  3.7656194384362216, 866.1770477133778, 54523.203707777684,
  893799.5230765655, 4.554185550409805e6, 9.29821625379249e6,
  1.0948068676264204e7, 1.0834106451374708e7, 1.1269368052771822e7, 0.,
  0., 0., 0., 0., 0., 2.1092065380773555, 345.2076152216292,
  6683.001525277206, 60456.27863964836, 346831.43418876856,
  1.0373224688459155e6, 1.8435266625640597e6, 2.6252019725076044e6,
  3.8900789345297627e6, 0., 0., 0., 0., 0., 0., 0.6431809755798518,
  132.4184568100905, 1662.9472290773206, -7494.781616994937,
  -79547.1524582277, -145882.31288516297, -51738.207970508105,
  196872.71896183083, 688426.6093948438, 0., 0., 0., 0., 0., 0.,
  0.06357685190504324, 20.60800887171829, 564.7091584995802,
  3533.8593510687488, 6360.233016524389, 2218.7084356598375,
  -1910.6349620855162, 3546.051428693813, 28821.706351479766, 0., 0., 0., 0.,
  0., 0., 0.0006025058905250498, 0.3940017872773832, 19.477610413451835,
  230.30722001832166, 958.3229486678331, 1780.8793154151974,
  1901.6275471835309, 1440.2225086393773, 766.7554949744055, 0., 0., 0., 0.,
  0., 0., 0., 0., 0., 0., 0., 0., 0., 0., 0., 0., 0., 0., 0., 0., 0., 0., 0.,
  0., 0., 0., 0., 0., 0., 0., 0., 0., 0., 0., 0., 0., 0., 0., 0., 0., 0., 0.,
  0., 0., 0., 0., 0., 0., 0., 0., 0., 0., 0., 0., 0., 0., 0., 0., 0., 0., 0.,
  0., 0., 0., 0., 0., 0., 0., 0., 0., 0., 0., 0., 0., 0., 0., 0., 0., 0., 0.,
  0., 0., 0., 0., 0., 0., 0., 0., 0., 0., 0., 0., 0., 0., 0., 0., 0., 0., 0.,
  0., 0., 0., 0., 0., 0., 0., 0., 0., 0., 0., 0., 0., 0., 0., 0., 0., 0., 0.,
  0., 0., 0., 0., 0., 0., 0., 0., 0., 0., 0., 0., 0., 0., 0., 0., 0.],
 [0., 0., 0., 0., 0., 0., 0., 9.125478198108036, 8076.881261783576,
  708482.1338051701, 1.0720514899002075e7, 4.45509399554556e7,
  7.995483840377448e7, 1.0256393291991068e8, 1.2539324452752766e8, 0., 0.,
  0., 0., 0., 0., 0., 7.230686590512626, 1750.4603901183282,
  117561.51163923193, 1.9508647232161541e6, 9.610744679990541e6,
  2.1236092028880738e7, 3.3331822985793684e7, 5.1193619915641494e7, 0.,
  0., 0., 0., 0., 0., 0., 3.979755133782642, 650.7374834418672,
  15604.859635356099, 226775.13977892563, 1.519590967489724e6,
  4.630282886276471e6, 9.570192452948766e6, 1.942059556783546e7, 0., 0.,
  0., 0., 0., 0., 0., 1.1939009237920626, 237.80279726665344,
  2727.772330153989, -4679.548106285529, 5640.167765009806,
  300357.3244754038, 1.2194141767523303e6, 3.8900789345311015e6, 0., 0.,
  0., 0., 0., 0., 0., 0.11597850709803882, 36.52193319144044,
  879.9613472306353, 3836.7857069012966, 2357.79732186552,
  -1982.2324230052245, 18796.691553191733, 149689.79219111963, 0., 0., 0.,
  0., 0., 0., 0., 0.0010730288233436367, 0.6921063207222741,
  31.743494121627677, 320.07549436339235, 1096.3780969123522,
  1827.9916411195372, 1978.4214896214946, 1526.3253153335443, 0., 0., 0., 0.,
  0., 0., 0., 0., 0., 0., 0., 0., 0., 0., 0., 0., 0., 0., 0., 0., 0., 0., 0.,
  0., 0., 0., 0., 0., 0., 0., 0., 0., 0., 0., 0., 0., 0., 0., 0., 0., 0., 0.,
  0., 0., 0., 0., 0., 0., 0., 0., 0., 0., 0., 0., 0., 0., 0., 0., 0., 0., 0.,
  0., 0., 0., 0., 0., 0., 0., 0., 0., 0., 0., 0., 0., 0., 0., 0., 0., 0., 0.,
  0., 0., 0., 0., 0., 0., 0., 0., 0., 0., 0., 0., 0., 0., 0., 0., 0., 0., 0.,
  0., 0., 0., 0., 0., 0., 0., 0., 0., 0., 0., 0., 0., 0., 0., 0., 0., 0., 0.,
  0., 0., 0., 0., 0., 0., 0., 0., 0., 0., 0., 0., 0., 0., 0., 0., 0.],
 [0., 0., 0., 0., 0., 0., 0., 0., 58.41953548942132, 55064.62887667477,
  3.954129410580851e6, 3.633998641693626e7, 1.0256393291991068e8,
  1.7937562623756856e8, 2.9008232599268544e8, 0., 0., 0., 0., 0., 0., 0.,
  0., 43.28454221730205, 11325.77334082381, 763123.226293461,
  8.3825983102453705e6, 2.9176432797657304e7, 6.2322740286881015e7,
  1.2616604705478768e8, 0., 0., 0., 0., 0., 0., 0., 0., 23.23990964365269,
  3439.329661512308, 133345.9587534757, 1.737094972371516e6,
  7.6108818660895405e6, 2.0092574628464896e7, 5.119361991564695e7, 0., 0.,
  0., 0., 0., 0., 0., 0., 6.863175761895125, 1060.476986009904,
  14589.567392586438, 160504.01235029125, 944066.2249812137,
  3.313275509762139e6, 1.1269368052777492e7, 0., 0., 0., 0., 0., 0., 0.,
  0., 0.6551005502119404, 156.029539163183, 2166.751809870919,
  7392.342384815942, 23464.13277212234, 99536.86248176254,
  488728.72158607264, 0., 0., 0., 0., 0., 0., 0., 0., 0.005811892656938377,
  2.919374756100127, 82.33172353377478, 491.9984997894102,
  1176.9077374046071, 1689.5507826292355, 1823.2682857904324, 0., 0., 0., 0.,
  0., 0., 0., 0., 0., 0., 0., 0., 0., 0., 0., 0., 0., 0., 0., 0., 0., 0., 0.,
  0., 0., 0., 0., 0., 0., 0., 0., 0., 0., 0., 0., 0., 0., 0., 0., 0., 0., 0.,
  0., 0., 0., 0., 0., 0., 0., 0., 0., 0., 0., 0., 0., 0., 0., 0., 0., 0., 0.,
  0., 0., 0., 0., 0., 0., 0., 0., 0., 0., 0., 0., 0., 0., 0., 0., 0., 0., 0.,
  0., 0., 0., 0., 0., 0., 0., 0., 0., 0., 0., 0., 0., 0., 0., 0., 0., 0., 0.,
  0., 0., 0., 0., 0., 0., 0., 0., 0., 0., 0., 0., 0., 0., 0., 0., 0., 0., 0.,
  0., 0., 0., 0., 0., 0., 0., 0., 0., 0., 0., 0., 0., 0., 0., 0., 0.],
 [0., 0., 0., 0., 0., 0., 0., 0., 0., 2081.158322942501,
  1.511319624884815e6, 3.0096477143196207e7, 1.2539324452752766e8,
  2.9008232599268544e8, 6.267981196032326e8, 0., 0., 0., 0., 0., 0., 0.,
  0., 0., 1109.946844959878, 322433.8751575201, 7.516587984546605e6,
  3.827687167216094e7, 1.0755080619501567e8, 2.9008232599262995e8, 0., 0.,
  0., 0., 0., 0., 0., 0., 0., 542.5211212533492, 77267.5629342133,
  1.9185331162647235e6, 1.1520565320455251e7, 3.827687167216423e7,
  1.253932445275173e8, 0., 0., 0., 0., 0., 0., 0., 0., 0.,
  153.12213017538662, 12837.535977488631, 280420.2283791862,
  1.9185331162652706e6, 7.516587984549833e6, 3.0096477143205848e7, 0., 0.,
  0., 0., 0., 0., 0., 0., 0., 13.975011972088462, 1006.3665533051383,
  12837.535977491498, 77267.56293430537, 322433.87515812437,
  1.511319624887757e6, 0., 0., 0., 0., 0., 0., 0., 0., 0.,
  0.10932136502189384, 13.975011972032155, 153.12213017424637,
  542.5211212469521, 1109.946844939595, 2081.158322882172, 0., 0., 0., 0.,
  0., 0., 0., 0., 0., 0., 0., 0., 0., 0., 0., 0., 0., 0., 0., 0., 0., 0., 0.,
  0., 0., 0., 0., 0., 0., 0., 0., 0., 0., 0., 0., 0., 0., 0., 0., 0., 0., 0.,
  0., 0., 0., 0., 0., 0., 0., 0., 0., 0., 0., 0., 0., 0., 0., 0., 0., 0., 0.,
  0., 0., 0., 0., 0., 0., 0., 0., 0., 0., 0., 0., 0., 0., 0., 0., 0., 0., 0.,
  0., 0., 0., 0., 0., 0., 0., 0., 0., 0., 0., 0., 0., 0., 0., 0., 0., 0., 0.,
  0., 0., 0., 0., 0., 0., 0., 0., 0., 0., 0., 0., 0., 0., 0., 0., 0., 0., 0.,
  0., 0., 0., 0., 0., 0., 0., 0., 0., 0., 0., 0., 0., 0., 0., 0., 0.],
 [2.90082325992742e8, 1.2616604705481288e8, 5.119361991565627e7,
  1.1269368052779172e7, 488728.7215861525, 1823.2682857925452, 0., 0., 0.,
  0., 0., 0., 0., 0., 0., 1.7937562623757285e8, 6.232274028688281e7,
  2.009257462846561e7, 3.3132755097622923e6, 99536.86248176913,
  1689.5507826292362, 0., 0., 0., 0., 0., 0., 0., 0., 0.,
  1.0256393291991174e8, 2.917643279765768e7, 7.61088186608968e6,
  944066.2249812417, 23464.13277212359, 1176.9077374045942, 0., 0., 0., 0.,
  0., 0., 0., 0., 0., 3.633998641693638e7, 8.38259831024541e6,
  1.7370949723715323e6, 160504.0123502948, 7392.342384816226,
  491.9984997894127, 0., 0., 0., 0., 0., 0., 0., 0., 0.,
  3.9541294105810835e6, 763123.2262935, 133345.9587534765,
  14589.567392585064, 2166.7518098709957, 82.33172353378741, 0., 0., 0., 0.,
  0., 0., 0., 0., 0., 55064.62887674708, 11325.773340833148,
  3439.329661511548, 1060.476986009402, 156.02953916321127,
  2.9193747561036383, 0., 0., 0., 0., 0., 0., 0., 0., 0., 58.419535491451434,
  43.28454221760668, 23.239909643702727, 6.863175761912467,
  0.6551005502162429, 0.005811892657057789, 0., 0., 0., 0., 0., 0., 0., 0.,
  0., 0., 0., 0., 0., 0., 0., 0., 0., 0., 0., 0., 0., 0., 0., 0., 0., 0., 0.,
  0., 0., 0., 0., 0., 0., 0., 0., 0., 0., 0., 0., 0., 0., 0., 0., 0., 0., 0.,
  0., 0., 0., 0., 0., 0., 0., 0., 0., 0., 0., 0., 0., 0., 0., 0., 0., 0., 0.,
  0., 0., 0., 0., 0., 0., 0., 0., 0., 0., 0., 0., 0., 0., 0., 0., 0., 0., 0.,
  0., 0., 0., 0., 0., 0., 0., 0., 0., 0., 0., 0., 0., 0., 0., 0., 0., 0., 0.,
  0., 0., 0., 0., 0., 0., 0., 0., 0., 0., 0., 0., 0., 0., 0., 0., 0., 0., 0.,
  0., 0., 0., 0., 0., 0., 0.], [1.075508061950368e8, 6.2322740286882825e7,
  3.3331822985794194e7, 1.083410645137479e7, 1.0454065741946339e6,
  15766.6278945861, 67.89833918348843, 0., 0., 0., 0., 0., 0., 0., 0.,
  6.232274028688281e7, 3.081226356212159e7, 1.3903826192544669e7,
  3.6556087038584496e6, 270844.1079809562, 5669.952988806567,
  84.94226723906863, 0., 0., 0., 0., 0., 0., 0., 0., 3.333182298579419e7,
  1.3903826192544669e7, 5.168404246503801e6, 1.0314475987687359e6,
  51102.68357664042, 3625.155348978819, 67.14702574132542, 0., 0., 0., 0.,
  0., 0., 0., 0., 1.083410645137479e7, 3.655608703858452e6,
  1.0314475987687359e6, 127129.63192845482, 6508.919662358788,
  2231.66740274183, 31.03453593887901, 0., 0., 0., 0., 0., 0., 0., 0.,
  1.045406574194634e6, 270844.1079809561, 51102.683576640426,
  6508.919662358787, 4119.96388589888, 649.8723366789659, 5.827059227462235,
  0., 0., 0., 0., 0., 0., 0., 0., 15766.6278945861, 5669.952988806566,
  3625.1553489788175, 2231.66740274183, 649.8723366789658,
  46.115670893074395, 0.24484786363785754, 0., 0., 0., 0., 0., 0., 0., 0.,
  67.8983391834884, 84.94226723906864, 67.14702574132542, 31.03453593887901,
  5.827059227462234, 0.2448478636378576, 0.0006145556336794761, 0., 0., 0.,
  0., 0., 0., 0., 0., 0., 0., 0., 0., 0., 0., 0., 0., 0., 0., 0., 0., 0., 0.,
  0., 0., 0., 0., 0., 0., 0., 0., 0., 0., 0., 0., 0., 0., 0., 0., 0., 0., 0.,
  0., 0., 0., 0., 0., 0., 0., 0., 0., 0., 0., 0., 0., 0., 0., 0., 0., 0., 0.,
  0., 0., 0., 0., 0., 0., 0., 0., 0., 0., 0., 0., 0., 0., 0., 0., 0., 0., 0.,
  0., 0., 0., 0., 0., 0., 0., 0., 0., 0., 0., 0., 0., 0., 0., 0., 0., 0., 0.,
  0., 0., 0., 0., 0., 0., 0., 0., 0., 0., 0., 0., 0., 0., 0., 0., 0., 0., 0.,
  0., 0., 0., 0., 0., 0., 0., 0., 0., 0., 0.],
 [3.827687167217162e7, 2.917643279765769e7, 2.1236092028880864e7,
  1.0948068676264223e7, 2.41514368505484e6, 151033.04129633046,
  2307.1534214767753, 9.873282034850261, 0., 0., 0., 0., 0., 0., 0.,
  2.009257462846561e7, 1.3903826192544669e7, 9.191331921082003e6,
  4.224915085474919e6, 821213.6108248258, 42850.88361862366,
  1180.3869636149493, 13.502449796985719, 0., 0., 0., 0., 0., 0., 0.,
  9.570192452948987e6, 5.700838297775996e6, 3.1894306903163376e6,
  1.170924586721776e6, 165206.53424684118, 8418.544804461098,
  940.2228484507905, 11.259908814971151, 0., 0., 0., 0., 0., 0., 0.,
  2.6252019725076426e6, 1.192303901227492e6, 445927.95339722227,
  64454.11111191714, -6813.508369197246, 3190.6350908549075,
  605.0577758083266, 5.453417254941223, 0., 0., 0., 0., 0., 0., 0.,
  202147.20130441024, 42827.94380843203, -13642.456661917153,
  -13212.185404324913, 2068.3153794367236, 2214.1953440769994,
  177.7765598028305, 1.0793161246367702, 0., 0., 0., 0., 0., 0., 0.,
  6281.645868808903, 4606.402457392406, 4489.0668297614675,
  3822.688512837471, 1809.121303761263, 315.7694300945581,
  13.205091265452895, 0.048795698708156, 0., 0., 0., 0., 0., 0., 0.,
  55.59207048315244, 102.0343530967421, 113.7795362871682, 79.56124058083086,
  26.99399072815841, 3.129998873184724, 0.0786851120974702,
  0.00013617134746019393, 0., 0., 0., 0., 0., 0., 0., 0., 0., 0., 0., 0., 0.,
  0., 0., 0., 0., 0., 0., 0., 0., 0., 0., 0., 0., 0., 0., 0., 0., 0., 0., 0.,
  0., 0., 0., 0., 0., 0., 0., 0., 0., 0., 0., 0., 0., 0., 0., 0., 0., 0., 0.,
  0., 0., 0., 0., 0., 0., 0., 0., 0., 0., 0., 0., 0., 0., 0., 0., 0., 0., 0.,
  0., 0., 0., 0., 0., 0., 0., 0., 0., 0., 0., 0., 0., 0., 0., 0., 0., 0., 0.,
  0., 0., 0., 0., 0., 0., 0., 0., 0., 0., 0., 0., 0., 0., 0., 0., 0., 0., 0.,
  0., 0., 0., 0., 0., 0., 0., 0., 0., 0., 0., 0., 0., 0., 0., 0., 0., 0.,
  0.], [7.516587984551255e6, 8.382598310245409e6, 9.610744679990547e6,
  9.298216253792493e6, 4.978187646714606e6, 1.0162894937387377e6,
  62988.71493717675, 1007.9699724104557, 4.414285960447829, 0., 0., 0., 0.,
  0., 0., 3.3132755097622923e6, 3.6556087038584496e6, 4.224915085474919e6,
  4.001886776384825e6, 2.0434891004325817e6, 369950.06564674614,
  18620.051813448517, 567.9356269015816, 6.290600993378786, 0., 0., 0., 0.,
  0., 0., 1.2194141767523796e6, 1.192303901227491e6, 1.2630553387042377e6,
  1.0600820298518164e6, 454693.7631055905, 61585.89994661721,
  3926.619338698583, 484.13616391382436, 5.404279221232057, 0., 0., 0., 0.,
  0., 0., 196872.71896183986, 95548.23500819397, 28946.362446964842,
  -32431.248568570692, -44648.266738346974, -9661.306957752013,
  2118.394933836181, 322.1369469185652, 2.69594978480813, 0., 0., 0., 0., 0.,
  0., 11001.366132893945, -12715.900925698785, -31182.79196655445,
  -32225.450687345037, -11198.693872824897, 2701.923854105252,
  1447.3508494938083, 97.0520453186542, 0.551135055845478, 0., 0., 0., 0.,
  0., 0., 2995.5395456613883, 4267.346006648864, 5363.792597311878,
  5737.3400515159365, 4130.540750565789, 1493.9656135823543,
  206.28437241044446, 7.464073056864649, 0.02588969773062156, 0., 0., 0., 0.,
  0., 0., 25.510601286360664, 73.03492298708007, 123.16280501352485,
  138.541744072869, 86.51381846226174, 23.487037890729265,
  2.1809571126758236, 0.0471672159513615, 0.00007598236500908351, 0., 0., 0.,
  0., 0., 0., 0., 0., 0., 0., 0., 0., 0., 0., 0., 0., 0., 0., 0., 0., 0., 0.,
  0., 0., 0., 0., 0., 0., 0., 0., 0., 0., 0., 0., 0., 0., 0., 0., 0., 0., 0.,
  0., 0., 0., 0., 0., 0., 0., 0., 0., 0., 0., 0., 0., 0., 0., 0., 0., 0., 0.,
  0., 0., 0., 0., 0., 0., 0., 0., 0., 0., 0., 0., 0., 0., 0., 0., 0., 0., 0.,
  0., 0., 0., 0., 0., 0., 0., 0., 0., 0., 0., 0., 0., 0., 0., 0., 0., 0., 0.,
  0., 0., 0., 0., 0., 0., 0., 0., 0., 0., 0., 0., 0., 0., 0., 0., 0., 0., 0.,
  0., 0., 0., 0., 0., 0., 0., 0., 0.], [322433.8751581979, 763123.2262935003,
  1.9508647232161432e6, 4.554185550409802e6, 6.306423714878072e6,
  3.6445795132725597e6, 756500.0310575735, 47485.71084076343,
  781.1778136471592, 3.4819884497300757, 0., 0., 0., 0., 0.,
  99536.86248176913, 270844.1079809562, 821213.6108248258,
  2.0434891004325817e6, 2.840656127875191e6, 1.5702449431785238e6,
  282647.675460503, 14215.562973151524, 459.28796415130506,
  5.119708648862026, 0., 0., 0., 0., 0., 18796.691553193774,
  42827.94380843202, 173634.62700097403, 477651.56377632625,
  647975.7682664195, 315802.531320598, 42318.08836420338, 3037.027459053574,
  405.14022883428373, 4.531314451344642, 0., 0., 0., 0., 0.,
  3546.0514286945854, -12715.9009256988, -38727.734608937, -72140.0898223955,
  -89862.86745328466, -57588.539393011146, -9696.295355627688,
  1875.4980999231557, 276.4797903392068, 2.339067689417001, 0., 0., 0., 0.,
  0., 5234.547846055809, 4917.033507662077, -2990.025692897496,
  -19177.345115954464, -25868.770376106728, -8665.906829544321,
  2877.74133682824, 1306.2174656929808, 85.23803249884712,
  0.4953506716973627, 0., 0., 0., 0., 0., 684.278220400635,
  1839.7090394108811, 3546.7630337695155, 5574.775550708863,
  6331.633876795077, 4299.2947101342825, 1437.9872692623605,
  188.58559789149587, 6.71749698952072, 0.024012145171266815, 0., 0., 0., 0.,
  0., 3.4901165733351145, 19.58917447381746, 59.65996975368442,
  123.49868620677505, 152.44068040001773, 92.34243748847355,
  23.408841115577022, 2.063193802380888, 0.04378955535021503,
  0.00007254620643546866, 0., 0., 0., 0., 0., 0., 0., 0., 0., 0., 0., 0., 0.,
  0., 0., 0., 0., 0., 0., 0., 0., 0., 0., 0., 0., 0., 0., 0., 0., 0., 0., 0.,
  0., 0., 0., 0., 0., 0., 0., 0., 0., 0., 0., 0., 0., 0., 0., 0., 0., 0., 0.,
  0., 0., 0., 0., 0., 0., 0., 0., 0., 0., 0., 0., 0., 0., 0., 0., 0., 0., 0.,
  0., 0., 0., 0., 0., 0., 0., 0., 0., 0., 0., 0., 0., 0., 0., 0., 0., 0., 0.,
  0., 0., 0., 0., 0., 0., 0., 0., 0., 0., 0., 0., 0., 0., 0., 0., 0., 0., 0.,
  0., 0., 0., 0., 0., 0., 0., 0., 0., 0., 0., 0., 0., 0., 0., 0., 0.],
 [1109.9468449408103, 11325.773340833142, 117561.51163922582,
  893799.523076558, 3.504804733982802e6, 5.500607592172623e6,
  3.2683817618060363e6, 686336.6948164101, 43571.51657010304,
  730.6278683883407, 3.3361922480036657, 0., 0., 0., 0., 1689.5507826292362,
  5669.952988806567, 42850.88361862366, 369950.06564674614,
  1.5702449431785238e6, 2.5312051225185646e6, 1.4374502305351899e6,
  259704.43282046943, 13176.953200537213, 441.0694007332529,
  5.119708648868162, 0., 0., 0., 0., 1978.4214896214908, 4606.402457392405,
  7903.34465556773, 63659.04403640056, 323582.37844070524, 540376.8487912343,
  275968.154370955, 36875.972562337345, 2826.778022364812, 399.6908827216919,
  4.750308512801611, 0., 0., 0., 0., 1440.222508639401, 4267.346006648864,
  2661.7286322675927, -19309.095996363074, -69916.80510800963,
  -99274.70002111842, -61584.72845343822, -10031.869315188442,
  1855.1915102504022, 281.22623873105636, 2.5919640806036344, 0., 0., 0., 0.,
  372.634936504488, 1839.709039410881, 4108.3268741882475, 2526.270585527169,
  -11645.816785877516, -22230.29865867072, -7724.780001245865,
  3008.1519061524177, 1324.8231579385247, 89.39415415565833,
  0.5782977669213383, 0., 0., 0., 0., 16.965352155828363, 167.7564747754188,
  771.2453815153472, 2444.664553614094, 5133.319578641566, 6425.917882711027,
  4411.700711252869, 1469.0726303227746, 194.3380221979329,
  7.221974891948234, 0.029051763979070108, 0., 0., 0., 0.,
  0.038424037285476345, 1.016062296378084, 8.529513906704526,
  41.32150597486304, 113.7863516404847, 155.93170073791865,
  96.21035563878364, 24.36341070812737, 2.1672959297252454,
  0.04798534171266698, 0.00008945817676897394, 0., 0., 0., 0., 0., 0., 0.,
  0., 0., 0., 0., 0., 0., 0., 0., 0., 0., 0., 0., 0., 0., 0., 0., 0., 0., 0.,
  0., 0., 0., 0., 0., 0., 0., 0., 0., 0., 0., 0., 0., 0., 0., 0., 0., 0., 0.,
  0., 0., 0., 0., 0., 0., 0., 0., 0., 0., 0., 0., 0., 0., 0., 0., 0., 0., 0.,
  0., 0., 0., 0., 0., 0., 0., 0., 0., 0., 0., 0., 0., 0., 0., 0., 0., 0., 0.,
  0., 0., 0., 0., 0., 0., 0., 0., 0., 0., 0., 0., 0., 0., 0., 0., 0., 0., 0.,
  0., 0., 0., 0., 0., 0., 0., 0., 0., 0., 0., 0., 0., 0., 0., 0., 0., 0., 0.,
  0., 0., 0.], [0., 43.28454221760667, 1750.460390119552, 54523.20370777691,
  716049.3550828954, 3.2166826225490565e6, 5.212845939989954e6,
  3.138440366015323e6, 665808.0768580677, 42893.12014894474,
  739.0016616447947, 3.7656194384362216, 0., 0., 0., 0., 84.94226723906863,
  1180.3869636149493, 18620.051813448517, 282647.675460503,
  1.4374502305351899e6, 2.421590105398373e6, 1.393833552231687e6,
  254277.170857941, 13176.953200536904, 459.28796415142773,
  6.290600993382078, 0., 0., 0., 0., 102.03435309674205, 1212.5776353636534,
  4050.2416297044138, 42900.3729088292, 278762.92823511217,
  502338.1814095675, 262899.7728861936, 35556.723637807925,
  2838.658100239002, 431.27946298390856, 6.355240255510658, 0., 0., 0., 0.,
  73.03492298708008, 1059.216776274946, 2478.4268025977726,
  -13239.957424811273, -66857.0046199853, -101769.98576124999,
  -63575.83231484887, -10509.453566869211, 1905.3395680672993,
  318.9858657307609, 3.7996364136642127, 0., 0., 0., 0., 19.589174473817458,
  409.0160332695845, 2263.19485267752, 3100.5455974286297,
  -8887.595557422417, -20638.81901797706, -7491.15640290436,
  3088.576814402725, 1414.2948448265151, 106.45700216968038,
